1 1.011775126368186
2 0.9972408964101593
3 0.9786290997475565
4 0.9598520391746166
5 0.9409924953204072
6 0.921901179098932
7 0.902502911824092
8 0.882784064183817
9 0.8627754310667222
10 0.8425428209819384
11 0.8221832306687691
12 0.8018250156992707
13 0.7816308192909692
14 0.7618017176987224
15 0.7425802868608959
16 0.724249410560722
17 0.7071231706830192
18 0.6915268378473121
19 0.677765500049008
20 0.6660851968473114
21 0.6566351372670406
22 0.6494419724522745
23 0.6444048086568304
24 0.6413129016160941
25 0.639880139808021
26 0.6397857240506426
27 0.6407107829048805
28 0.642364652250635
29 0.6444993014438783
30 0.6469137443849801
31 0.649451648075464
32 0.6519952530701827
33 0.6544579367649811
34 0.6567768637026901
35 0.6589064562405117
36 0.6608129492845412
37 0.6624700284572118
38 0.6638554291698888
39 0.6649483387608843
40 0.6657274556828129
41 0.6661695943252555
42 0.6662487677439898
43 0.6659357259624509
44 0.665197970186136
45 0.6640002993273092
46 0.6623059696706092
47 0.6600785543038683
48 0.6572845670696057
49 0.653896856530073
50 0.6498986713653196
51 0.6452881495103236
52 0.6378735116063868
53 0.6261608617846758
54 0.6133132674613565
55 0.5993885169276708
56 0.5844861818794909
57 0.5687465025739662
58 0.5523456310335878
59 0.5354874061007527
60 0.5183923954175135
61 0.5012854035979247
62 0.4843828965353846
63 0.4678817676470671
64 0.45195058727530774
65 0.43672401384567133
66 0.4223005239240204
67 0.40874315406783485
68 0.3960826211297418
69 0.38432203085674754
70 0.37344238360573634
71 0.3634081982339615
72 0.3541727483656366
73 0.34568259228125603
74 0.33788124529013613
75 0.3307119737774266
76 0.3241197783023553
77 0.3180526829640358
78 0.312462467908946
79 0.30730498058180183
80 0.30254014745504415
81 0.29813178802297474
82 0.2940473113405864
83 0.29025735511368855
84 0.28673540976741035
85 0.28345745558216096
86 0.2804016298706895
87 0.27754793294931374
88 0.27487797586857265
89 0.2723747690246372
90 0.2700225484173239
91 0.26780663505940094
92 0.2657133225515025
93 0.26372978786211637
94 0.261844020698551
95 0.26004476737959337
96 0.2583214857226697
97 0.25666430806919577
98 0.2550640101479668
99 0.2535119839928103
100 0.25200021357531804
101 0.2505212521834695
102 0.2490682008752451
103 0.2476346875694474
104 0.24621484651214257
105 0.24480329798529585
106 0.2433951282130436
107 0.24198586947867923
108 0.24057148049898802
109 0.239148327118193
110 0.23771316338658005
111 0.23626311308299786
112 0.23479565172916936
113 0.23330858912963895
114 0.23180005245607754
115 0.2302684698800123
116 0.22871255474468932
117 0.22713129025542805
118 0.2255239146587505
119 0.22388990687395605
120 0.222228972536659
121 0.2205410304119792
122 0.21882619913539048
123 0.2170847842414591
124 0.21531726544452945
125 0.21352428414055583
126 0.2117066311054385
127 0.20986523437205645
128 0.2080011472754287
129 0.20611553666279722
130 0.20420967127262304
131 0.2022849102933262
132 0.2003426921188207
133 0.19838452332340317
134 0.19641196788312215
135 0.19442663667436486
136 0.19243017728292652
137 0.19042426415828512
138 0.18841058914817455
139 0.1863908524478858
140 0.18436675399708036
141 0.18233998535438134
142 0.18031222207670858
143 0.17828511662638738
144 0.17626029182460717
145 0.17423933486499005
146 0.1722237918959775
147 0.17021516317560917
148 0.16821489879716622
149 0.1662243949791998
150 0.16424499090878356
151 0.1622779661224805
152 0.16032453840558683
153 0.1583858621867628
154 0.15646302740220416
155 0.15455705880108087
156 0.15266891566208687
157 0.1507994918895629
158 0.14894961645679053
159 0.14712005416367294
160 0.14531150667605078
161 0.14352461381434461
162 0.14175995506000225
163 0.14001805124931763
164 0.13829936642550922
165 0.13660430982149735
166 0.13493323794749854
167 0.13328645675935583
168 0.1316642238854047
169 0.1300667508915646
170 0.1284942055662702
171 0.1269467142087314
172 0.12542436390584416
173 0.12392720478485339
174 0.12245525223053509
175 0.1210084890572788
176 0.11958686762791332
177 0.11819031191252187
178 0.11681871948174442
179 0.11547196343023311
180 0.11414989422696259
181 0.11285234149005477
182 0.11157911568459097
183 0.11033000974264677
184 0.10910480060541167
185 0.1079032506878281
186 0.10672510926665417
187 0.10557011379326968
188 0.10443799113287425
189 0.10332845873201248
190 0.10224122571657726
191 0.10117599392262208
192 0.10013245886244211
193 0.09911031062847754
194 0.09810923473764999
195 0.0971289129187801
196 0.0961690238457357
197 0.09522924381894278
198 0.09430924739787229
199 0.09340870798705075
200 0.09252729837809642
201 0.09166469125021362
202 0.09082055963149305
203 0.0899945773232931
204 0.08918641928988602
205 0.08839576201546548
206 0.08762228383052081
207 0.0868656652094927
208 0.08612558904153356
209 0.0854017408761056
210 0.08469380914506035
211 0.08400148536275943
212 0.08332446430570904
213 0.08266244417309733
214 0.08201512672955184
215 0.08138221743135195
216 0.08076342553725778
217 0.0801584642050548
218 0.07956705057483852
219 0.07898890584000558
220 0.07842375530685439
221 0.07787132844364722
222 0.07733135891992221
223 0.07680358463680192
224 0.07628774774899014
225 0.07578359467911275
226 0.0752908761249985
227 0.07480934706047905
228 0.07433876673022591
229 0.0738788986391257
230 0.0734295105366473
231 0.07299037439663715
232 0.07256126639293418
233 0.07214196687118428
234 0.07173226031719566
235 0.07133193532216084
236 0.0709407845450447
237 0.07055860467241747
238 0.07018519637599568
239 0.0698203642681269
240 0.06946391685544956
241 0.06911566649093207
242 0.06877542932448659
243 0.0684430252523374
244 0.0681182778653098
245 0.06780101439619739
246 0.06749106566634698
247 0.06718826603159807
248 0.0668924533276972
249 0.06660346881530416
250 0.06632115712469261
251 0.06604536620024583
252 0.06577594724483207
253 0.06551275466415217
254 0.06525564601112348
255 0.06500448193038337
256 0.0647591261029665
257 0.06451944519122202
258 0.06428530878402436
259 0.06405658934232325
260 0.06383316214508376
261 0.06361490523565715
262 0.06340169936861619
263 0.06319342795709557
264 0.06298997702066333
265 0.06279123513375275
266 0.06259709337468282
267 0.062407445275284884
268 0.06222218677115873
269 0.06204121615257484
270 0.06186443401603873
271 0.06169174321652856
272 0.0615230488204215
273 0.061358258059114976
274 0.06119728028335477
275 0.06104002691826942
276 0.0608864114191273
277 0.06073634922780859
278 0.06058975773000382
279 0.06044655621313315
280 0.060306665824994686
281 0.060170009533134505
282 0.06003651208493943
283 0.059906099968451566
284 0.059778701373899616
285 0.0596542461559446
286 0.05953266579663444
287 0.05941389336906325
288 0.059297863501729026
289 0.05918451234358575
290 0.059073777529778666
291 0.058965598148062875
292 0.058859914705889804
293 0.05875666909816077
294 0.05865580457563711
295 0.05855726571399618
296 0.058460998383530416
297 0.05836694971947348
298 0.05827506809295269
299 0.058185303082552445
300 0.058097605446480564
301 0.05801192709533199
302 0.05792822106543757
303 0.05784644149278606
304 0.057766543587516185
305 0.05768848360896348
306 0.057612218841254614
307 0.05753770756944067
308 0.05746490905615861
309 0.05739378351880958
310 0.057324292107249326
311 0.05725639688197582
312 0.05719006079281004
313 0.05712524765805358
314 0.05706192214412231
315 0.05700004974564092
316 0.05693959676598885
317 0.05688053029829346
318 0.0568228182068567
319 0.05676642910900931
320 0.05671133235738074
321 0.05665749802258154
322 0.05660489687628317
323 0.05655350037468979
324 0.0565032806423967
325 0.05645421045662196
326 0.056406263231805844
327 0.05635941300457046
328 0.056313634419030215
329 0.05626890271244735
330 0.05622519370122262
331 0.05618248376721778
332 0.05614074984439475
333 0.05609996940577449
334 0.05606012045070093
335 0.05602118149240491
336 0.055983131545863776
337 0.055945950115945636
338 0.055909617185836646
339 0.05587411320574087
340 0.05583941908184828
341 0.05580551616556405
342 0.05577238624299481
343 0.05574001152468371
344 0.05570837463558866
345 0.05567745860530017
346 0.05564724685849204
347 0.055617723205596215
348 0.05558887183370513
349 0.05556067729768488
350 0.05553312451150408
351 0.055506198739767344
352 0.055479885589450974
353 0.055454171001836715
354 0.05542904124463588
355 0.055404482904302
356 0.0553804828785279
357 0.0553570283689197
358 0.05533410687384721
359 0.05531170618146271
360 0.05528981436288976
361 0.05526841976557012
362 0.055247511006773074
363 0.05522707696725557
364 0.05520710678507737
365 0.05518758984956179
366 0.05516851579539915
367 0.05514987449689301
368 0.05513165606234175
369 0.055113850828555175
370 0.05509644935550027
371 0.055079442421075084
372 0.055062821016008935
373 0.05504657633887878
374 0.0550306997912506
375 0.05501518297293043
376 0.05500001767733265
377 0.054985195886955066
378 0.054970709768964524
379 0.05495655167088397
380 0.0549427141163843
381 0.0549291898011767
382 0.05491597158899891
383 0.05490305250769993
384 0.05489042574541583
385 0.054878084646837466
386 0.05486602270956472
387 0.0548542335805484
388 0.05484271105261656
389 0.054831449061082206
390 0.05482044168043081
391 0.05480968312108685
392 0.05479916772625625
393 0.05478888996884449
394 0.054778844448446204
395 0.054769025888405126
396 0.05475942913294598
397 0.05475004914437148
398 0.054740881000325495
399 0.05473191989112295
400 0.05472316111713956
401 0.05471460008626478
402 0.05470623231141535
403 0.05469805340810322
404 0.05469005909206753
405 0.05468224517695508
406 0.05467460757205816
407 0.05466714228010885
408 0.054659845395117854
409 0.05465271310027101
410 0.054645741665869295
411 0.054638927447322516
412 0.054632266883184705
413 0.054625756493238926
414 0.05461939287662672
415 0.05461317271001918
416 0.05460709274583219
417 0.05460114981048367
418 0.054595340802690726
419 0.05458966269180636
420 0.054584112516195445
421 0.054578687381649296
422 0.05457338445983501
423 0.05456820098678384
424 0.05456313426141114
425 0.054558181644074624
426 0.05455334055516381
427 0.054548608473721866
428 0.054543982936101215
429 0.054539461534649544
430 0.054535041916425796
431 0.054530721781946796
432 0.05452649888396249
433 0.054522371026259536
434 0.05451833606249337
435 0.05451439189504626
436 0.05451053647391236
437 0.05450676779560829
438 0.054503083902109666
439 0.054499482879812294
440 0.05449596285851464
441 0.05449252201042801
442 0.05448915854920744
443 0.05448587072900381
444 0.05448265684354083
445 0.054479515225209774
446 0.05447644424418927
447 0.05447344230758091
448 0.054470507858568586
449 0.05446763937559408
450 0.054464835371555095
451 0.05446209439301798
452 0.05445941501945053
453 0.05445679586247475
454 0.054454235565131376
455 0.05445173280116629
456 0.05444928627432991
457 0.0544468947176957
458 0.05444455689299149
459 0.054442271589948306
460 0.05444003762566254
461 0.05443785384397488
462 0.05443571911486031
463 0.05443363233383595
464 0.0544315924213783
465 0.05442959832235771
466 0.054427649005483324
467 0.054425743462761966
468 0.05442388070896845
469 0.05442205978112897
470 0.054420279738015435
471 0.05441853965965252
472 0.05441683864683516
473 0.054415175820656275
474 0.054413550322047505
475 0.0544119613113287
476 0.05441040796776785
477 0.05440888948915217
478 0.05440740509136812
479 0.054405954007989886
480 0.054404535489879946
481 0.054403148804796936
482 0.05440179323701239
483 0.0544004680869379
484 0.054399172670757334
485 0.054397906320071576
486 0.05439666838154931
487 0.05439545821658441
488 0.05439427520096481
489 0.05439311872454429
490 0.05439198819092688
491 0.05439088301715288
492 0.05438980263339791
493 0.054388746482673056
494 0.05438771402053581
495 0.05438670471480692
496 0.05438571804529235
497 0.05438475350351228
498 0.054383810592436334
499 0.05438288882622614
500 0.05438198772997988
501 0.054381106839487284
502 0.05438024570098763
503 0.05437940387093347
504 0.05437858091575937
505 0.05437777641165774
506 0.05437698994435728
507 0.05437622110890859
508 0.05437546950947347
509 0.0543747347591187
510 0.05437401647961551
511 0.05437331430124366
512 0.05437262786259858
513 0.054371956810404
514 0.054371300799328406
515 0.05437065949180662
516 0.054370032557863913
517 0.05436941967494478
518 0.054368820527746296
519 0.05436823480805339
520 0.05436766221458061
521 0.05436710245281403
522 0.054366555234860586
523 0.05436602027929751
524 0.05436549731102751
525 0.05436498606113437
526 0.05436448626674606
527 0.05436399767089701
528 0.054363520022395216
529 0.05436305307569279
530 0.05436259659075867
531 0.05436215033295396
532 0.054361714072910156
533 0.05436128758641189
534 0.054360870654279435
535 0.05436046306225611
536 0.05436006460089687
537 0.0543596750654611
538 0.05435929425580583
539 0.054358921976281685
540 0.05435855803563353
541 0.05435820224689952
542 0.05435785442731607
543 0.05435751439822296
544 0.05435718198497049
545 0.05435685701683013
546 0.05435653932690515
547 0.05435622875204565
548 0.05435592513276448
549 0.05435562831315177
550 0.05435533814079907
551 0.054355054466718046
552 0.054354777145262816
553 0.05435450603405714
554 0.05435424099391868
555 0.054353981888788996
556 0.05435372858566223
557 0.054353480954515844
558 0.05435323886824587
559 0.05435300220259962
560 0.05435277083611112
561 0.05435254465004024
562 0.05435232352830979
563 0.05435210735744642
564 0.054351896026522344
565 0.054351689427098046
566 0.05435148745316563
567 0.05435129000109583
568 0.05435109696958171
569 0.054350908259589575
570 0.0543507237743067
571 0.054350543419091187
572 0.054350367101423026
573 0.05435019473085725
574 0.05435002621897635
575 0.05434986147934653
576 0.05434970042747018
577 0.05434954298074547
578 0.05434938905842204
579 0.05434923858156021
580 0.05434909147298955
581 0.05434894765726964
582 0.05434880706065136
583 0.05434866961103884
584 0.05434853523795227
585 0.054348403872491416
586 0.05434827544730047
587 0.054348149896533325
588 0.054348027155819635
589 0.054347907162232034
590 0.05434778985425285
591 0.05434767517174401
592 0.05434756305591455
593 0.05434745344929058
594 0.054347346295686674
595 0.054347241540176894
596 0.05434713912906549
597 0.054347039009859696
598 0.05434694113124346
599 0.05434684544305057
600 0.05434675189623826
601 0.05434666044286311
602 0.05434657103605542
603 0.054346483629995924
604 0.05434639817989234
605 0.0543463146419547
606 0.05434623297337452
607 0.054346153132302566
608 0.05434607507782729
609 0.0543459987699525
610 0.05434592416957931
611 0.05434585123848376
612 0.054345779939298684
613 0.05434571023549356
614 0.05434564209135594
615 0.054345575471973946
616 0.05434551034321653
617 0.05434544667171802
618 0.054345384424860074
619 0.05434532357075398
620 0.054345264078226395
621 0.054345205916801066
622 0.05434514905668461
623 0.05434509346875088
624 0.05434503912452663
625 0.054344985996175016
626 0.05434493405648351
627 0.054344883278848344
628 0.05434483363726252
629 0.05434478510629986
630 0.05434473766110451
631 0.054344691277377136
632 0.05434464593136213
633 0.054344601599835826
634 0.05434455826009502
635 0.05434451588994428
636 0.054344474467685706
637 0.054344433972106525
638 0.05434439438246915
639 0.05434435567850047
640 0.054344317840381025
641 0.0543442808487353
642 0.05434424468462137
643 0.05434420932952136
644 0.05434417476533193
645 0.054344140974355075
646 0.054344107939289316
647 0.05434407564321968
648 0.05434404406961068
649 0.05434401320229608
650 0.05434398302547261
651 0.05434395352368955
652 0.054343924681843125
653 0.05434389648516708
654 0.05434386891922598
655 0.054343841969907325
656 0.05434381562341397
657 0.05434378986625847
658 0.05434376468525494
659 0.05434374006751244
660 0.05434371600042847
661 0.0543436924716831
662 0.054343669469231894
663 0.05434364698130013
664 0.05434362499637614
665 0.0543436035032064
666 0.05434358249078852
667 0.05434356194836712
668 0.054343541865427406
669 0.05434352223168947
670 0.05434350303710416
671 0.05434348427184676
672 0.05434346592631184
673 0.054343447991110065
674 0.05434343045706155
675 0.05434341331519195
676 0.05434339655672783
677 0.05434338017309223
678 0.054343364155899486
679 0.054343348496952444
680 0.05434333318823693
681 0.05434331822191787
682 0.05434330359033603
683 0.05434328928600324
684 0.054343275301598847
685 0.05434326162996604
686 0.05434324826410841
687 0.054343235197185744
688 0.05434322242251115
689 0.054343209933547014
690 0.0543431977239023
691 0.05434318578732947
692 0.05434317411771923
693 0.05434316270910095
694 0.05434315155563551
695 0.054343140651616786
696 0.05434312999146411
697 0.05434311956972255
698 0.05434310938106019
699 0.05434309942026274
700 0.054343089682233295
701 0.05434308016198942
702 0.05434307085465958
703 0.05434306175548131
704 0.05434305285979907
705 0.054343044163060586
706 0.054343035660816615
707 0.05434302734871661
708 0.054343019222507984
709 0.0543430112780323
710 0.05434300351122525
711 0.054342995918112584
712 0.054342988494809674
713 0.05434298123751849
714 0.05434297414252548
715 0.054342967206200965
716 0.05434296042499636
717 0.05434295379544157
718 0.054342947314145545
719 0.05434294097779148
720 0.05434293478313804
721 0.054342928727016064
722 0.054342922806327465
723 0.05434291701804255
724 0.054342911359200635
725 0.054342905826906256
726 0.05434290041832941
727 0.05434289513070288
728 0.054342889961321535
729 0.05434288490754132
730 0.05434287996677649
731 0.05434287513649954
732 0.054342870414239026
733 0.05434286579757976
734 0.054342861284159605
735 0.054342856871669655
736 0.05434285255785291
737 0.0543428483405028
738 0.054342844217461356
739 0.054342840186620056
740 0.05434283624591607
741 0.05434283239333426
742 0.05434282862690378
743 0.054342824944697415
744 0.054342821344832024
745 0.054342817825466065
746 0.05434281438479914
747 0.05434281102107147
748 0.05434280773256246
749 0.05434280451758982
750 0.05434280137450878
751 0.054342798301711924
752 0.0543427952976276
753 0.054342792360718706
754 0.0543427894894831
755 0.05434278668245231
756 0.05434278393819024
757 0.05434278125529343
758 0.054342778632389566
759 0.05434277606813694
760 0.054342773561223696
761 0.05434277111036804
762 0.054342768714316064
763 0.05434276637184231
764 0.054342764081748506
765 0.054342761842863754
766 0.05434275965404222
767 0.05434275751416475
768 0.05434275542213694
769 0.05434275337688817
770 0.054342751377372815
771 0.054342749422568296
772 0.05434274751147446
773 0.054342745643114296
774 0.0543427438165316
775 0.05434274203079217
776 0.05434274028498347
777 0.0543427385782115
778 0.054342736909604075
779 0.054342735278307595
780 0.054342733683487465
781 0.05434273212432801
782 0.05434273060003239
783 0.054342729109820284
784 0.0543427276529298
785 0.054342726228616155
786 0.05434272483615015
787 0.05434272347482026
788 0.054342722143929996
789 0.054342720842798536
790 0.05434271957076039
791 0.054342718327165085
792 0.054342717111376865
793 0.05434271592277351
794 0.05434271476074807
795 0.05434271362470509
796 0.054342712514063814
797 0.0543427114282568
798 0.054342710366728275
799 0.05434270932893551
800 0.05434270831434741
801 0.054342707322445595
802 0.05434270635272258
803 0.05434270540468254
804 0.05434270447784035
805 0.054342703571722224
806 0.05434270268586428
807 0.05434270181981438
808 0.05434270097312865
809 0.054342700145374886
810 0.05434269933612891
811 0.054342698544977724
812 0.0543426977715162
813 0.054342697015349
814 0.054342696276089265
815 0.054342695553359126
816 0.05434269484678892
817 0.05434269415601728
818 0.054342693480690825
819 0.0543426928204647
820 0.054342692175000644
821 0.05434269154396848
822 0.054342690927045925
823 0.054342690323917385
824 0.054342689734274356
825 0.05434268915781546
826 0.05434268859424601
827 0.05434268804327745
828 0.054342687504628284
829 0.05434268697802266
830 0.054342686463191736
831 0.054342685959871816
832 0.05434268546780592
833 0.054342684986741954
834 0.05434268451643444
835 0.05434268405664251
836 0.05434268360713124
837 0.05434268316767081
838 0.05434268273803582
839 0.054342682318007034
840 0.05434268190736981
841 0.05434268150591429
842 0.0543426811134349
843 0.05434268072973125
844 0.054342680354606605
845 0.054342679987869034
846 0.05434267962933147
847 0.054342679278810715
848 0.054342678936127056
849 0.05434267860110552
850 0.05434267827357486
851 0.05434267795336714
852 0.054342677640319095
853 0.05434267733427036
854 0.05434267703506411
855 0.054342676742548245
856 0.05434267645657243
857 0.05434267617699079
858 0.054342675903660265
859 0.05434267563644097
860 0.054342675375196534
861 0.0543426751197935
862 0.05434267487010069
863 0.05434267462599068
864 0.05434267438733851
865 0.05434267415402259
866 0.054342673925923186
867 0.054342673702924005
868 0.05434267348491075
869 0.0543426732717717
870 0.0543426730633984
871 0.0543426728596836
872 0.05434267266052426
873 0.0543426724658176
874 0.054342672275464125
875 0.05434267208936714
876 0.054342671907430806
877 0.05434267172956211
878 0.0543426715556702
879 0.0543426713856666
880 0.05434267121946388
881 0.05434267105697713
882 0.054342670898123446
883 0.05434267074282149
884 0.05434267059099167
885 0.05434267044255653
886 0.05434267029744047
887 0.054342670155569164
888 0.05434267001686952
889 0.05434266988127102
890 0.05434266974870444
891 0.054342669619101586
892 0.05434266949239649
893 0.054342669368524624
894 0.05434266924742184
895 0.05434266912902672
896 0.05434266901327874
897 0.05434266890011935
898 0.05434266878948957
899 0.05434266868133335
900 0.05434266857559544
901 0.054342668472221405
902 0.05434266837115879
903 0.05434266827235582
904 0.05434266817576179
905 0.054342668081327455
906 0.05434266798900487
907 0.05434266789874591
908 0.05434266781050519
909 0.05434266772423739
910 0.054342667639898395
911 0.05434266755744512
912 0.05434266747683546
913 0.054342667398028274
914 0.054342667320982974
915 0.05434266724566006
916 0.0543426671720214
917 0.054342667100029385
918 0.05434266702964645
919 0.054342666960836915
920 0.05434266689356629
921 0.05434266682779967
922 0.05434266676350382
923 0.05434266670064521
924 0.05434266663919148
925 0.05434266657911229
926 0.0543426665203762
927 0.054342666462953576
928 0.05434266640681488
929 0.05434266635193089
930 0.05434266629827445
931 0.054342666245817586
932 0.054342666194533165
933 0.05434266614439576
934 0.054342666095379036
935 0.05434266604745853
936 0.05434266600060892
937 0.05434266595480747
938 0.054342665910030306
939 0.05434266586625356
940 0.054342665823455864
941 0.05434266578161515
942 0.05434266574070958
943 0.054342665700718835
944 0.05434266566162223
945 0.05434266562339965
946 0.05434266558603155
947 0.05434266554949881
948 0.05434266551378318
949 0.0543426654788657
950 0.05434266544472922
951 0.05434266541135602
952 0.05434266537872882
953 0.05434266534683099
954 0.05434266531564637
955 0.05434266528515925
956 0.054342665255353535
957 0.05434266522621411
958 0.05434266519772675
959 0.05434266516987604
960 0.054342665142647975
961 0.05434266511602861
962 0.0543426650900045
963 0.05434266506456222
964 0.054342665039689105
965 0.054342665015371584
966 0.05434266499159811
967 0.05434266496835572
968 0.0543426649456332
969 0.05434266492341904
970 0.05434266490170122
971 0.05434266488046875
972 0.05434266485971118
973 0.05434266483941774
974 0.054342664819577995
975 0.05434266480018153
976 0.054342664781219296
977 0.054342664762680924
978 0.05434266474455695
979 0.054342664726838186
980 0.0543426647095155
981 0.054342664692580096
982 0.05434266467602355
983 0.054342664659836656
984 0.05434266464401229
985 0.05434266462854146
986 0.054342664613416684
987 0.05434266459862945
988 0.054342664584173285
989 0.054342664570040264
990 0.054342664556223524
991 0.05434266454271499
992 0.05434266452950913
993 0.05434266451659848
994 0.05434266450397641
995 0.0543426644916361
996 0.05434266447957211
997 0.05434266446777772
998 0.05434266445624714
999 0.05434266444497402
1000 0.05434266443395326
