1 2.6242920883737706
2 2.592732733683514
3 2.5784006515943676
4 2.5689243919516347
5 2.561688273207262
6 2.555765239335244
7 2.5507341875008476
8 2.5463687811013
9 2.5425287204160423
10 2.539116981463254
11 2.536061411783183
12 2.533305976081802
13 2.5308060695686283
14 2.52852567630298
15 2.5264354495268435
16 2.5245113110266826
17 2.5227333805199805
18 2.5210851368726996
19 2.5195527533427478
20 2.5181245684313414
21 2.5167906643391844
22 2.515542531423054
23 2.5143728014896354
24 2.513275036119869
25 2.51224355887667
26 2.511273322402194
27 2.5103598031667462
28 2.509498918063902
29 2.508686958211833
30 2.507920536265655
31 2.507196544308553
32 2.5065121200032383
33 2.5058646191773666
34 2.505251593409627
35 2.504670771496214
36 2.5041200439257403
37 2.5035974496870548
38 2.5031011648890975
39 2.5026294927933335
40 2.5021808549541027
41 2.5017537832359205
42 2.501346912533738
43 2.500958974065925
44 2.5005887891431255
45 2.5002352633413807
46 2.499897381026851
47 2.4995742001934675
48 2.499264847585115
49 2.4989685140813243
50 2.4986844503306225
51 2.4984119626193038
52 2.498150408965715
53 2.4978991954316894
54 2.497657772643609
55 2.4974256325160513
56 2.4972023051711565
57 2.4969873560468248
58 2.49678038318678
59 2.4965810147053675
60 2.4963889064198415
61 2.4962037396427252
62 2.496025219126786
63 2.4958530711550906
64 2.49568704176863
65 2.4955268951240437
66 2.495372411974089
67 2.4952233882636254
68 2.4950796338340773
69 2.494940971229538
70 2.4948072345979164
71 2.494678268680789
72 2.494553927885869
73 2.494434075436313
74 2.494318582591361
75 2.494207327933076
76 2.494100196714271
77 2.4939970802629743
78 2.493897875439075
79 2.4938024841390525
80 2.4937108128449728
81 2.493622772214178
82 2.493538276706342
83 2.493457244244801
84 2.493379595909291
85 2.4933052556574182
86 2.4932341500724196
87 2.493166208134912
88 2.493101361016548
89 2.493039541893634
90 2.4929806857789254
91 2.4929247293699612
92 2.4928716109124336
93 2.4928212700772012
94 2.4927736478496954
95 2.4927286864305396
96 2.4926863291463333
97 2.492646520369632
98 2.4926092054472244
99 2.492574330635914
100 2.492541843045057
101 2.4925116905851934
102 2.4924838219221632
103 2.4924581864361373
104 2.4924347341850845
105 2.4924134158721962
106 2.492394182816866
107 2.4923769869288477
108 2.4923617806852487
109 2.4923485171100577
110 2.492337149755923
111 2.4923276326879367
112 2.4923199204692006
113 2.4923139681479634
114 2.4923097312461544
115 2.492307165749149
116 2.4923062280966124
117 2.492306875174297
118 2.4923090643066748
119 2.49231275325029
120 2.4923179001877522
121 2.492324463722276
122 2.4923324028726923
123 2.492341677068871
124 2.492352246147488
125 2.4923640703480947
126 2.492377110309432
127 2.4923913270659575
128 2.4924066820445425
129 2.492423137061318
130 2.492440654318628
131 2.4924591964020792
132 2.4924787262776587
133 2.4924992072889016
134 2.492520603154102
135 2.4925428779635377
136 2.492565996176716
137 2.4925899226196186
138 2.492614622481938
139 2.4926400613143076
140 2.4926662050255097
141 2.4926930198796664
142 2.492720472493401
143 2.4927485298329763
144 2.4927771592113994
145 2.4928063282855
146 2.492836005052975
147 2.4928661578494036
148 2.4928967553452304
149 2.4929277665427167
150 2.4929591607728665
151 2.492990907692321
152 2.4930229772802246
153 2.4930553398350708
154 2.493087965971516
155 2.4931208266171816
156 2.4931538930094255
157 2.4931871366921015
158 2.4932205295122998
159 2.493254043617075
160 2.4932876514501574
161 2.4933213257486586
162 2.493355039539766
163 2.4933887661374294
164 2.4934224791390465
165 2.4934561524221417
166 2.493489760141047
167 2.493523276723581
168 2.493556676867735
169 2.493589935538356
170 2.493623027963845
171 2.4936559296328538
172 2.4936886162909992
173 2.4937210639375813
174 2.49375324882232
175 2.4937851474420976
176 2.4938167365377244
177 2.4938479930907156
178 2.4938788943200865
179 2.4939094176791676
180 2.4939395408524385
181 2.493969241752382
182 2.4939984985163615
183 2.494027289503522
184 2.4940555932917103
185 2.494083388674428
186 2.494110654657801
187 2.49413737045758
188 2.494163515496172
189 2.494189069399688
190 2.494214011995033
191 2.494238323307014
192 2.4942619835554836
193 2.4942849731525127
194 2.494307272699592
195 2.4943288629848666
196 2.4943497249804025
197 2.494369839839484
198 2.4943891888939413
199 2.494407753651519
200 2.494425515793266
201 2.4944424571709702
202 2.49445855980462
203 2.494473805879898
204 2.49448817774572
205 2.494501657911793
206 2.4945142290462217
207 2.4945258739731395
208 2.494536575670382
209 2.494546317267189
210 2.494555082041948
211 2.4945628534199655
212 2.4945696149712844
213 2.4945753504085237
214 2.494580043584765
215 2.4945836784914643
216 2.494586239256412
217 2.4945877101417153
218 2.4945880755418246
219 2.4945873199815902
220 2.4945854281143602
221 2.494582384720109
222 2.494578174703601
223 2.494572783092595
224 2.4945661950360773
225 2.4945583958025335
226 2.494549370778256
227 2.494539105465684
228 2.4945275854817797
229 2.4945147965564423
230 2.4945007245309485
231 2.4944853553564394
232 2.4944686750924303
233 2.494450669905362
234 2.4944313260671853
235 2.494410629953979
236 2.4943885680445983
237 2.4943651269193654
238 2.494340293258784
239 2.4943140538422983
240 2.494286395547073
241 2.4942573053468173
242 2.4942267703106356
243 2.4941947776019147
244 2.4941613144772425
245 2.494126368285358
246 2.4940899264661347
247 2.4940519765496
248 2.494012506154979
249 2.4939715029897793
250 2.4939289548489003
251 2.4938848496137753
252 2.4938391752515514
253 2.493791919814293
254 2.493743071438219
255 2.4936926183429726
256 2.4936405488309212
257 2.4935868512864845
258 2.4935315141754955
259 2.4934745260445927
260 2.493415875520639
261 2.4933555513101697
262 2.493293542198879
263 2.4932298370511243
264 2.493164424809465
265 2.493097294494235
266 2.4930284352031333
267 2.492957836110855
268 2.492885486468741
269 2.492811375604464
270 2.492735492921737
271 2.4926578279000515
272 2.492578370094443
273 2.4924971091352885
274 2.492414034728122
275 2.492329136653486
276 2.4922424047668064
277 2.492153828998293
278 2.492063399352868
279 2.4919711059101197
280 2.491876938824286
281 2.4917808883242563
282 2.491682944713608
283 2.491583098370661
284 2.49148133974856
285 2.491377659375385
286 2.4912720478542822
287 2.4911644958636194
288 2.49105499415717
289 2.4909435335643155
290 2.4908301049902786
291 2.490714699416371
292 2.490597307900274
293 2.490477921576335
294 2.4903565316558907
295 2.490233129427612
296 2.4901077062578714
297 2.4899802535911313
298 2.489850762950357
299 2.489719225937447
300 2.4895856342336913
301 2.4894499796002423
302 2.4893122538786128
303 2.4891724489911953
304 2.4890305569417945
305 2.488886569816188
306 2.4887404797827006
307 2.4885922790928037
308 2.4884419600817274
309 2.488289515169096
310 2.4881349368595824
311 2.487978217743578
312 2.4878193504978823
313 2.487658327886406
314 2.487495142760905
315 2.4873297880617096
316 2.4871622568184906
317 2.486992542151031
318 2.4868206372700175
319 2.486646535477844
320 2.4864702301694366
321 2.4862917148330883
322 2.4861109830513115
323 2.485928028501702
324 2.4857428449578203
325 2.4855554262900874
326 2.485365766466684
327 2.4851738595544797
328 2.484979699719958
329 2.4847832812301647
330 2.484584598453663
331 2.484383645861501
332 2.4841804180281906
333 2.4839749096326966
334 2.483767115459439
335 2.4835570303992984
336 2.483344649450637
337 2.4831299677203265
338 2.482912980424787
339 2.4826936828910267
340 2.4824720705576993
341 2.4822481389761615
342 2.4820218838115418
343 2.481793300843811
344 2.481562385968865
345 2.481329135199608
346 2.481093544667042
347 2.4808556106213637
348 2.480615329433063
349 2.4803726975940243
350 2.480127711718637
351 2.4798803685448996
352 2.479630664935535
353 2.4793785978791014
354 2.479124164491111
355 2.4788673620151416
356 2.4786081878239563
357 2.478346639420617
358 2.478082714439604
359 2.477816410647928
360 2.477547725946245
361 2.4772766583699672
362 2.4770032060903726
363 2.476727367415711
364 2.476449140792306
365 2.476168524805655
366 2.475885518181521
367 2.4756001197870257
368 2.4753123286317287
369 2.4750221438687086
370 2.4747295647956316
371 2.474434590855818
372 2.474137221639297
373 2.4738374568838553
374 2.4735352964760775
375 2.4732307404523777
376 2.472923789000018
377 2.472614442458121
378 2.4723027013186716
379 2.471988566227504
380 2.471672037985279
381 2.47135311754845
382 2.471031806030217
383 2.470708104701462
384 2.4703820149916775
385 2.470053538489878
386 2.4697226769454934
387 2.4693894322692524
388 2.469053806534049
389 2.4687158019757875
390 2.468375420994219
391 2.468032666153753
392 2.467687540184256
393 2.4673400459818327
394 2.4669901866095802
395 2.466637965298334
396 2.466283385447387
397 2.4659264506251906
398 2.4655671645700346
399 2.4652055311907075
400 2.4648415545671307
401 2.4644752389509774
402 2.464106588766263
403 2.4637356086099165
404 2.463362303252324
405 2.4629866776378555
406 2.4626087368853575
407 2.4622284862886317
408 2.4618459313168795
409 2.461461077615127
410 2.461073931004621
411 2.460684497483198
412 2.4602927832256296
413 2.459898794583939
414 2.4595025380876887
415 2.4591040204442423
416 2.458703248538998
417 2.458300229435592
418 2.4578949703760724
419 2.457487478781049
420 2.4570777622498077
421 2.456665828560396
422 2.456251685669681
423 2.4558353417133745
424 2.4554168050060294
425 2.4549960840410017
426 2.454573187490383
427 2.454148124204906
428 2.4537209032138074
429 2.453291533724669
430 2.452860025123222
431 2.452426386973118
432 2.45199062901567
433 2.451552761169559
434 2.4511127935305073
435 2.4506707363709173
436 2.4502266001394797
437 2.4497803954607473
438 2.4493321331346745
439 2.4488818241361217
440 2.4484294796143278
441 2.4479751108923473
442 2.4475187294664567
443 2.447060347005518
444 2.4465999753503214
445 2.446137626512879
446 2.4456733126756944
447 2.445207046190995
448 2.4447388395799288
449 2.444268705531726
450 2.4437966569028315
451 2.443322706715995
452 2.4428468681593314
453 2.442369154585351
454 2.4418895795099456
455 2.441408156611346
456 2.44092489972905
457 2.4404398228627047
458 2.439952940170968
459 2.4394642659703254
460 2.4389738147338798
461 2.4384816010901065
462 2.4379876398215723
463 2.4374919458636244
464 2.4369945343030475
465 2.436495420376681
466 2.435994619470012
467 2.4354921471157356
468 2.434988018992272
469 2.434482250922267
470 2.4339748588710513
471 2.433465858945071
472 2.4329552673902866
473 2.4324431005905427
474 2.431929375065906
475 2.431414107470973
476 2.43089731459315
477 2.4303790133508985
478 2.4298592207919607
479 2.4293379540915443
480 2.4288152305504913
481 2.428291067593409
482 2.4277654827667767
483 2.42723849373703
484 2.4267101182886095
485 2.426180374321992
486 2.425649279851688
487 2.425116853004219
488 2.4245831120160686
489 2.4240480752316076
490 2.4235117611009973
491 2.4229741881780673
492 2.4224353751181704
493 2.4218953406760155
494 2.4213541037034805
495 2.4208116831473987
496 2.420268098047328
497 2.4197233675332996
498 2.4191775108235443
499 2.4186305472222003
500 2.418082496117005
501 2.4175333769769627
502 2.4169832093500014
503 2.4164320128606067
504 2.415879807207442
505 2.4153266121609516
506 2.4147724475609498
507 2.4142173333141934
508 2.41366128939194
509 2.4131043358274975
510 2.412546492713751
511 2.411987780200686
512 2.4114282184928975
513 2.410867827847084
514 2.410306628569537
515 2.4097446410136194
516 2.4091818855772265
517 2.4086183827002525
518 2.408054152862036
519 2.407489216578806
520 2.4069235944011194
521 2.406357306911291
522 2.405790374720818
523 2.4052228184678035
524 2.4046546588143705
525 2.404085916444077
526 2.4035166120593243
527 2.4029467663787707
528 2.4023764001347288
529 2.4018055340705824
530 2.4012341889381847
531 2.4006623854952673
532 2.400090144502848
533 2.3995174867226408
534 2.398944432914463
535 2.3983710038336583
536 2.3977972202285054
537 2.397223102837649
538 2.396648672387523
539 2.396073949589786
540 2.3954989551387604
541 2.3949237097088782
542 2.3943482339521376
543 2.3937725484955616
544 2.3931966739386734
545 2.3926206308509737
546 2.3920444397694327
547 2.3914681211959907
548 2.3908916955950708
549 2.390315183391102
550 2.38973860496606
551 2.389161980657008
552 2.388585330753671
553 2.388008675496004
554 2.3874320350717904
555 2.386855429614244
556 2.3862788791996365
557 2.3857024038449355
558 2.3851260235054617
559 2.384549758072561
560 2.3839736273713
561 2.3833976511581736
562 2.3828218491188378
563 2.3822462408658547
564 2.3816708459364677
565 2.381095683790386
566 2.3805207738075986
567 2.3799461352862066
568 2.3793717874402778
569 2.378797749397723
570 2.378224040198196
571 2.3776506787910194
572 2.3770776840331265
573 2.376505074687038
574 2.375932869418856
575 2.3753610867962833
576 2.3747897452866726
577 2.3742188632550967
578 2.373648458962447
579 2.3730785505635605
580 2.3725091561053695
581 2.371940293525083
582 2.3713719806483895
583 2.370804235187696
584 2.37023707474039
585 2.3696705167871284
586 2.3691045786901603
587 2.3685392776916765
588 2.3679746309121863
589 2.367410655348929
590 2.3668473678743087
591 2.366284785234367
592 2.3657229240472786
593 2.365161800801882
594 2.364601431856241
595 2.364041833436235
596 2.3634830216341816
597 2.3629250124074916
598 2.3623678215773527
599 2.3618114648274484
600 2.361255957702708
601 2.3607013156080856
602 2.360147553807374
603 2.3595946874220504
604 2.3590427314301543
605 2.3584917006651978
606 2.357941609815107
607 2.3573924734212004
608 2.3568443058771913
609 2.356297121428233
610 2.355750934169991
611 2.355205758047748
612 2.354661606855542
613 2.354118494235338
614 2.3535764336762353
615 2.353035438513698
616 2.35249552192883
617 2.3519566969476755
618 2.3514189764405513
619 2.350882373121418
620 2.3503468995472763
621 2.3498125681176014
622 2.349279391073807
623 2.3487473804987395
624 2.348216548316212
625 2.3476869062905585
626 2.347158466026232
627 2.3466312389674266
628 2.3461052363977313
629 2.345580469439822
630 2.3450569490551754
631 2.344534686043821
632 2.3440136910441236
633 2.34349397453259
634 2.3429755468237135
635 2.3424584180698473
636 2.341942598261104
637 2.3414280972252914
638 2.3409149246278687
639 2.340403089971943
640 2.339892602598288
641 2.339383471685393
642 2.3388757062495427
643 2.3383693151449196
644 2.3378643070637426
645 2.33736069053643
646 2.3368584739317853
647 2.3363576654572173
648 2.3358582731589856
649 2.33536030492247
650 2.3348637684724665
651 2.334368671373514
652 2.333875021030243
653 2.3333828246877464
654 2.3328920894319847
655 2.3324028221902067
656 2.3319150297314004
657 2.331428718666764
658 2.330943895450206
659 2.330460566378861
660 2.329978737593637
661 2.329498415079777
662 2.329019604667452
663 2.328542312032366
664 2.3280665426963916
665 2.32759230202822
666 2.327119595244035
667 2.3266484274082098
668 2.3261788034340167
669 2.325710728084363
670 2.325244205972545
671 2.324779241563018
672 2.324315839172187
673 2.323854002969217
674 2.3233937369768554
675 2.3229350450722794
676 2.3224779309879557
677 2.322022398312514
678 2.321568450491645
679 2.321116090829006
680 2.320665322487147
681 2.3202161484884476
682 2.319768571716073
683 2.319322594914939
684 2.3188782206926986
685 2.318435451520731
686 2.3179942897351524
687 2.317554737537838
688 2.3171167969974507
689 2.316680470050489
690 2.3162457585023413
691 2.315812664028351
692 2.3153811881748982
693 2.3149513323604824
694 2.314523097876823
695 2.3140964858899653
696 2.3136714974413954
697 2.3132481334491657
698 2.3128263947090293
699 2.312406281895576
700 2.3119877955633856
701 2.3115709361481804
702 2.3111557039679886
703 2.3107420992243135
704 2.3103301220033057
705 2.3099197722769467
706 2.3095110499042333
707 2.309103954632367
708 2.3086984860979523
709 2.308294643828195
710 2.3078924272421046
711 2.3074918356517045
712 2.3070928682632403
713 2.3066955241783957
714 2.306299802395504
715 2.3059057018107723
716 2.305513221219498
717 2.305122359317295
718 2.3047331147013095
719 2.304345485871454
720 2.3039594712316247
721 2.3035750690909325
722 2.303192277664925
723 2.3028110950768146
724 2.3024315193587017
725 2.3020535484528
726 2.301677180212661
727 2.301302412404394
728 2.3009292427078885
729 2.3005576687180307
730 2.3001876879459218
731 2.299819297820093
732 2.299452495687714
733 2.299087278815807
734 2.2987236443924455
735 2.2983615895279637
736 2.298001111256151
737 2.297642206535448
738 2.297284872250139
739 2.296929105211537
740 2.296574902159166
741 2.2962222597619424
742 2.2958711746193425
743 2.2955216432625747
744 2.2951736621557406
745 2.29482722769699
746 2.2944823362196773
747 2.294138983993504
748 2.2937971672256556
749 2.293456882061944
750 2.293118124587925
751 2.2927808908300262
752 2.2924451767566567
753 2.2921109782793176
754 2.2917782912537
755 2.291447111480781
756 2.2911174347079055
757 2.290789256629871
758 2.290462572889993
759 2.2901373790811737
760 2.2898136707469527
761 2.2894914433825595
762 2.289170692435952
763 2.288851413308847
764 2.288533601357747
765 2.2882172518949524
766 2.287902360189572
767 2.287588921468518
768 2.2872769309175003
769 2.286966383682003
770 2.2866572748682628
771 2.286349599544227
772 2.286043352740513
773 2.285738529451352
774 2.285435124635527
775 2.2851331332173004
776 2.2848325500873328
777 2.2845333701035933
778 2.284235588092259
779 2.283939198848606
780 2.283644197137893
781 2.2833505776962304
782 2.2830583352314466
783 2.2827674644239395
784 2.2824779599275216
785 2.2821898163702534
786 2.281903028355271
787 2.281617590461597
788 2.2813334972449524
789 2.2810507432385467
790 2.28076932295387
791 2.280489230881466
792 2.280210461491703
793 2.279933009235528
794 2.2796568685452194
795 2.2793820338351214
796 2.2791084995023763
797 2.278836259927642
798 2.278565309475802
799 2.2782956424966665
800 2.278027253325663
801 2.277760136284517
802 2.2774942856819225
803 2.2772296958142073
804 2.276966360965981
805 2.276704275410782
806 2.2764434334117083
807 2.276183829222045
808 2.2759254570858745
809 2.2756683112386864
810 2.275412385907971
811 2.2751576753138063
812 2.274904173669436
813 2.2746518751818385
814 2.2744007740522845
815 2.2741508644768884
816 2.2739021406471482
817 2.2736545967504784
818 2.2734082269707323
819 2.273163025488715
820 2.272918986482689
821 2.2726761041288728
822 2.2724343726019236
823 2.272193786075418
824 2.2719543387223258
825 2.2717160247154617
826 2.27147883822795
827 2.2712427734336558
828 2.2710078245076333
829 2.270773985626543
830 2.2705412509690754
831 2.2703096147163615
832 2.270079071052371
833 2.269849614164313
834 2.269621238243016
835 2.269393937483308
836 2.269167706084388
837 2.268942538250185
838 2.268718428189714
839 2.268495370117422
840 2.2682733582535257
841 2.268052386824343
842 2.2678324500626172
843 2.26761354220783
844 2.2673956575065133
845 2.2671787902125455
846 2.266962934587451
847 2.26674808490068
848 2.2665342354298925
849 2.266321380461227
850 2.2661095142895658
851 2.2658986312187954
852 2.2656887255620535
853 2.265479791641974
854 2.265271823790928
855 2.2650648163512472
856 2.264858763675454
857 2.2646536601264753
858 2.2644495000778533
859 2.2642462779139514
860 2.2640439880301493
861 2.2638426248330363
862 2.263642182740597
863 2.263442656182388
864 2.2632440395997118
865 2.2630463274457844
866 2.2628495141858953
867 2.2626535942975607
868 2.2624585622706754
869 2.2622644126076543
870 2.2620711398235693
871 2.261878738446283
872 2.261687203016572
873 2.261496528088249
874 2.261306708228279
875 2.2611177380168868
876 2.260929612047662
877 2.2607423249276586
878 2.2605558712774885
879 2.26037024573141
880 2.26018544293741
881 2.260001457557285
882 2.2598182842667116
883 2.259635917755318
884 2.2594543527267437
885 2.2592735838987026
886 2.2590936060030344
887 2.258914413785754
888 2.258736002007096
889 2.258558365441557
890 2.2583814988779265
891 2.2582053971193234
892 2.2580300549832186
893 2.257855467301458
894 2.2576816289202815
895 2.257508534700335
896 2.257336179516682
897 2.257164558258806
898 2.256993665830611
899 2.2568234971504233
900 2.2566540471509797
901 2.2564853107794187
902 2.256317282997262
903 2.256149958780402
904 2.2559833331190715
905 2.255817401017823
906 2.2556521574954957
907 2.255487597585181
908 2.255323716334185
909 2.2551605088039897
910 2.2549979700702028
911 2.254836095222514
912 2.2546748793646394
913 2.2545143176142686
914 2.254354405103004
915 2.254195136976298
916 2.2540365083933884
917 2.253878514527228
918 2.253721150564414
919 2.2535644117051086
920 2.253408293162964
921 2.253252790165038
922 2.253097897951708
923 2.2529436117765833
924 2.2527899269064147
925 2.252636838620996
926 2.2524843422130703
927 2.252332432988226
928 2.252181106264794
929 2.2520303573737404
930 2.251880181658557
931 2.2517305744751472
932 2.2515815311917127
933 2.2514330471886304
934 2.2512851178583353
935 2.251137738605194
936 2.250990904845376
937 2.2508446120067247
938 2.2506988555286256
939 2.2505536308618685
940 2.2504089334685093
941 2.250264758821729
942 2.250121102405688
943 2.2499779597153817
944 2.2498353262564894
945 2.24969319754522
946 2.24955156910816
947 2.249410436482113
948 2.249269795213941
949 2.249129640860399
950 2.2489899689879707
951 2.2488507751726985
952 2.248712055000013
953 2.2485738040645566
954 2.24843601797001
955 2.248298692328908
956 2.248161822762463
957 2.2480254049003747
958 2.247889434380644
959 2.2477539068493844
960 2.247618817960625
961 2.2474841633761184
962 2.2473499387651388
963 2.247216139804283
964 2.247082762177264
965 2.246949801574706
966 2.246817253693933
967 2.2466851142387556
968 2.2465533789192573
969 2.2464220434515765
970 2.2462911035576822
971 2.2461605549651535
972 2.2460303934069503
973 2.245900614621185
974 2.245771214350887
975 2.245642188343769
976 2.245513532351991
977 2.2453852421319103
978 2.245257313443845
979 2.245129742051822
980 2.2450025237233247
981 2.2448756542290424
982 2.24474912934261
983 2.244622944840348
984 2.2444970965009983
985 2.244371580105459
986 2.2442463914365103
987 2.2441215262785428
988 2.2439969804172804
989 2.2438727496394986
990 2.2437488297327386
991 2.243625216485023
992 2.24350190568456
993 2.243378893119452
994 2.243256174577393
995 2.2431337458453697
996 2.2430116027093514
997 2.2428897409539803
998 2.242768156362258
999 2.2426468447152277
1000 2.2425258017916487
