1 1.6142441399469394
2 1.5826458312342797
3 1.5587010103464265
4 1.5389521174874663
5 1.521862006828291
6 1.5066972311435647
7 1.493071580754398
8 1.480747748915039
9 1.4695504549037586
10 1.4593304353954633
11 1.44995187548228
12 1.441289876926561
13 1.4332313117375484
14 1.4256760174594516
15 1.4185372469974922
16 1.4117412491526642
17 1.405226227960366
18 1.3989409903235084
19 1.392843524998886
20 1.3868996621612444
21 1.3810818845849702
22 1.3753683097062301
23 1.3697418331195206
24 1.364189411260515
25 1.3587014576342915
26 1.3532713283965725
27 1.3478948766199812
28 1.3425700586893643
29 1.3372965802560972
30 1.332075572742885
31 1.326909294427665
32 1.3218008526295841
33 1.3167539454825825
34 1.3117726232342255
35 1.30686106997826
36 1.3020234072584682
37 1.2972635211213284
38 1.292584914011304
39 1.287990582471293
40 1.2834829210131693
41 1.2790636518401646
42 1.2747337794080373
43 1.270493568167875
44 1.266342541287267
45 1.262279497729429
46 1.25830254479658
47 1.2544091431154418
48 1.2505961610487315
49 1.2468599356386676
50 1.2431963374036774
51 1.239600836592689
52 1.2360685688280613
53 1.2325943984158805
54 1.2291729779518175
55 1.225798803186499
56 1.2224662624247578
57 1.2191696800103056
58 1.2159033536866322
59 1.212661585824455
60 1.2094387086661675
61 1.2062291038605408
62 1.2030272166496212
63 1.1998275651283228
64 1.1966247450299121
65 1.1934134305018382
66 1.190188371330364
67 1.1869443870530998
68 1.1836763583693382
69 1.180379216222004
70 1.1770479288846307
71 1.1736774873440943
72 1.1702628892264788
73 1.1667991214706548
74 1.16328114191278
75 1.1597038599055591
76 1.1560621160590847
77 1.1523506611555316
78 1.1485641342579451
79 1.1446970400036751
80 1.140743725045512
81 1.1366983535780169
82 1.1325548818626412
83 1.1283070316427077
84 1.123948262317934
85 1.1194717417276385
86 1.1148703153719042
87 1.1101364738806045
88 1.1052623185212498
89 1.1002395245180694
90 1.0950593019367487
91 1.089712353871978
92 1.0841888316589277
93 1.0784782868155405
94 1.0725696194110592
95 1.0664510225487938
96 1.0601099226495143
97 1.0535329152284008
98 1.0467056958763046
99 1.039612986189325
100 1.0322384544447638
101 1.0245646309034968
102 1.0165728177378812
103 1.0082429937525896
104 0.9995537142988529
105 0.9904820071009701
106 0.9810032651443156
107 0.9710911383513784
108 0.960717426542542
109 0.9498519772018199
110 0.9384625929247506
111 0.9265149552225092
112 0.9139725737350993
113 0.9007967730574428
114 0.8869467335601966
115 0.8723796081336695
116 0.85705074415286
117 0.8409140497526124
118 0.8239225564840595
119 0.8060292475500335
120 0.7871882431872684
121 0.7673564634720526
122 0.7464959245761311
123 0.7245768667483565
124 0.7015819575481314
125 0.6775118524714734
126 0.652392405780308
127 0.6262837653638006
128 0.5992913830378668
129 0.5715785097023967
130 0.543378871319409
131 0.5150068093160288
132 0.486860290673658
133 0.45941045649426243
134 0.4331712818912499
135 0.4086466600453947
136 0.3862610605917034
137 0.3662912563878048
138 0.34882292533674175
139 0.33374966696631864
140 0.32081423094394734
141 0.30967398457617923
142 0.29996651219405845
143 0.2913580523215209
144 0.2835694015489319
145 0.27638294366649413
146 0.2696379013460115
147 0.2632202849204542
148 0.25705183638931595
149 0.2510801754137847
150 0.24527093188929802
151 0.23960188049974337
152 0.23405876829088704
153 0.22863244753165063
154 0.22331695896429818
155 0.21810828062005247
156 0.2130035295963241
157 0.2080004651704807
158 0.20309718843846813
159 0.1982919676758001
160 0.19358314246283204
161 0.1889690759265086
162 0.18444813540482058
163 0.18001868908977067
164 0.17567911094139954
165 0.1714277892223454
166 0.16726313594948253
167 0.16318359578044547
168 0.15918765360411163
169 0.15527384055413068
170 0.15144073842379407
171 0.1476869826005787
172 0.14401126370576578
173 0.14041232814801063
174 0.1368889777982531
175 0.13344006897840366
176 0.1300645109349257
177 0.12676126394490939
178 0.12352933717893533
179 0.1203677864231896
180 0.11727571174357779
181 0.11425225515715046
182 0.11129659836097752
183 0.10840796055556026
184 0.10558559638872349
185 0.1028287940364505
186 0.100136873429104
187 0.09750918462468312
188 0.09494510632501328
189 0.09244404452588549
190 0.09000543128798832
191 0.08762872361189707
192 0.08531340239727288
193 0.08305897146372387
194 0.08086495660837205
195 0.07873090467307636
196 0.07665638259237059
197 0.0746409763915836
198 0.07268429010322039
199 0.07078594456864923
200 0.06894557609143769
201 0.06716283490845147
202 0.06543738344518413
203 0.06376889432283558
204 0.06215704808659821
205 0.06060153062760098
206 0.05910203027518835
207 0.057658234541857686
208 0.056269826510416
209 0.05493648086185886
210 0.05365785955319721
211 0.05243360716693485
212 0.05126334596801964
213 0.050146670719555815
214 0.049083143324981086
215 0.048072287381168054
216 0.047113582743237396
217 0.04620646021686322
218 0.045350296506459796
219 0.04454440955679262
220 0.0437880544301629
221 0.04308041986046212
222 0.04242062561833297
223 0.041807720808040585
224 0.04124068319647402
225 0.04071841964845432
226 0.0402397677112231
227 0.03980349835603695
228 0.03940831984799088
229 0.03905288267855428
230 0.03873578546087003
231 0.03845558165762172
232 0.038210786986802636
233 0.03799988733332649
234 0.037821346984723773
235 0.0376736170073681
236 0.03755514358534827
237 0.03746437615641327
238 0.03739977519715723
239 0.03735981953135379
240 0.037343013059605995
241 0.03734789083377941
242 0.03737302442471403
243 0.03741702655535225
244 0.03747855499285752
245 0.037556315711901406
246 0.037649065356780934
247 0.03775561304226718
248 0.03787482154216685
249 0.03800560792072758
250 0.038146943665547925
251 0.038297854381943094
252 0.038457419108149336
253 0.03862476930873871
254 0.038799087600493866
255 0.038979606261111466
256 0.039165605566740216
257 0.039356411999740666
258 0.039551396363384915
259 0.03974997183562916
260 0.0399515919897098
261 0.04015574880519745
262 0.04036197068936404
263 0.04056982052526836
264 0.04077889375989112
265 0.04098881654292197
266 0.04119924392441066
267 0.04140985811742959
268 0.04162036683011928
269 0.04183050166999312
270 0.04204001662210472
271 0.04224868660164822
272 0.04245630608069491
273 0.042662687788085206
274 0.04286766148094435
275 0.04307107278585525
276 0.04327278210741921
277 0.04347266360167469
278 0.043670604211705474
279 0.043866502762651804
280 0.04406026911330073
281 0.04425182336140852
282 0.04444109509994101
283 0.044628022721460194
284 0.044812552767950285
285 0.0449946393234687
286 0.045174243447090257
287 0.04535133264372482
288 0.04552588037048121
289 0.04569786557638161
290 0.04586727227331606
291 0.04603408913625454
292 0.046198309130835044
293 0.04635992916655461
294 0.04651894977388839
295 0.046675374803767586
296 0.046829211147936735
297 0.04698046847880582
298 0.047129159007495494
299 0.047275297258858505
300 0.0474188998623405
301 0.047559985357610295
302 0.04769857401396523
303 0.04783468766258348
304 0.04796834954074964
305 0.04809958414724327
306 0.04822841710813834
307 0.048354875052296804
308 0.0484789854959069
309 0.04860077673544614
310 0.048720277748497604
311 0.048837518101882756
312 0.04895252786661708
313 0.049065337539218774
314 0.04917597796894088
315 0.049284480290522306
316 0.0493908758620789
317 0.04949519620778955
318 0.04959747296504387
319 0.049697737835749586
320 0.049796022541515536
321 0.04989235878244548
322 0.049986778199292765
323 0.05007931233874825
324 0.05016999262164657
325 0.05025885031388713
326 0.05034591649988622
327 0.050431222058384705
328 0.050514797640446814
329 0.05059667364950041
330 0.050676880223276946
331 0.0507554472175166
332 0.050832404191317945
333 0.0509077803940155
334 0.05098160475347686
335 0.05105390586572156
336 0.0511247119857652
337 0.051194051019602685
338 0.05126195051725057
339 0.051328437666768124
340 0.05139353928918948
341 0.051457281834298256
342 0.05151969137718626
343 0.0515807936155321
344 0.0516406138675498
345 0.05169917707055736
346 0.0517565077801162
347 0.05181263016969665
348 0.051867568030831354
349 0.05192134477371394
350 0.0519739834282129
351 0.05202550664526009
352 0.05207593669858812
353 0.05212529548678664
354 0.05217360453564484
355 0.052220885000765056
356 0.05226715767041161
357 0.05231244296858389
358 0.052356760958283836
359 0.052400131344966475
360 0.052442573480148934
361 0.05248410636516485
362 0.05252474865504831
363 0.05256451866253337
364 0.052603434362150266
365 0.052641513394416375
366 0.052678773070097606
367 0.052715230374540095
368 0.052750901972055536
369 0.05278580421035433
370 0.05281995312501262
371 0.05285336444397459
372 0.05288605359207203
373 0.05291803569556127
374 0.052949325586667616
375 0.05297993780813254
376 0.05300988661775999
377 0.053039185992951744
378 0.053067849635232825
379 0.053095890974758204
380 0.05312332317479951
381 0.05315015913620743
382 0.053176411501846856
383 0.053202092660998956
384 0.053227214753732564
385 0.053251789675237526
386 0.053275829080120005
387 0.053299344386657725
388 0.0533223467810124
389 0.05334484722139929
390 0.053366856442208906
391 0.05338838495808441
392 0.05340944306794823
393 0.05343004085898198
394 0.0534501882105562
395 0.053469894798106495
396 0.053489170096961816
397 0.05350802338611791
398 0.05352646375196023
399 0.05354450009193217
400 0.05356214111815201
401 0.05357939536097534
402 0.05359627117250354
403 0.053612776730040584
404 0.05362892003949386
405 0.05364470893872437
406 0.05366015110084057
407 0.0536752540374422
408 0.05369002510180765
409 0.05370447149203257
410 0.05371860025411313
411 0.053732418284978156
412 0.05374593233546975
413 0.0537591490132743
414 0.053772074785797985
415 0.05378471598299856
416 0.05379707880016161
417 0.053809169300629775
418 0.05382099341848372
419 0.05383255696117288
420 0.053843865612101825
421 0.0538549249331651
422 0.053865740367238506
423 0.053876317240623556
424 0.053886660765447
425 0.05389677604201326
426 0.053906668061116166
427 0.05391634170630348
428 0.05392580175610232
429 0.05393505288619894
430 0.053944099671577324
431 0.053952946588618586
432 0.053961598017158344
433 0.05397005824250303
434 0.0539783314574106
435 0.053986421764029374
436 0.053994333175798874
437 0.05400206961931565
438 0.05400963493616062
439 0.054017032884690466
440 0.0540242671417932
441 0.0540313413046094
442 0.05403825889222014
443 0.05404502334729709
444 0.054051638037724656
445 0.054058106258186044
446 0.0540644312317177
447 0.05407061611123417
448 0.05407666398101958
449 0.054082577858191164
450 0.05408836069412989
451 0.05409401537588618
452 0.0540995447275525
453 0.05410495151161094
454 0.0541102384302516
455 0.05411540812666294
456 0.054120463186298894
457 0.05412540613811689
458 0.05413023945579026
459 0.054134965558897845
460 0.054139586814085636
461 0.054144105536206466
462 0.054148523989436835
463 0.05415284438836779
464 0.05415706889907428
465 0.0541611996401625
466 0.05416523868379596
467 0.05416918805669684
468 0.05417304974112987
469 0.05417682567586474
470 0.054180517757116256
471 0.054184127839468195
472 0.054187657736771824
473 0.05419110922303355
474 0.054194484033276126
475 0.05419778386438677
476 0.054201010375943826
477 0.054204165191029614
478 0.054207249897021414
479 0.05421026604636955
480 0.054213215157357574
481 0.054216098714844854
482 0.05421891817099587
483 0.054221674945991956
484 0.05422437042872909
485 0.05422700597749918
486 0.05422958292065873
487 0.05423210255728213
488 0.054234566157800056
489 0.05423697496462711
490 0.05423933019277195
491 0.054241633030437296
492 0.05424388463960697
493 0.054246086156617766
494 0.054248238692722515
495 0.05425034333463704
496 0.05425240114508035
497 0.05425441316329702
498 0.05425638040557478
499 0.05425830386574576
500 0.054260184515679065
501 0.05426202330576308
502 0.05426382116537672
503 0.05426557900334974
504 0.05426729770841561
505 0.0542689781496503
506 0.05427062117690609
507 0.054272227621233946
508 0.05427379829529482
509 0.05427533399376633
510 0.05427683549373598
511 0.05427830355508982
512 0.054279738920889976
513 0.05428114231774513
514 0.05428251445617269
515 0.05428385603095281
516 0.05428516772147523
517 0.05428645019207782
518 0.054287704092379124
519 0.05428893005760168
520 0.054290128708889225
521 0.05429130065361916
522 0.054292446485702806
523 0.05429356678588499
524 0.05429466212203279
525 0.05429573304942157
526 0.05429678011101075
527 0.05429780383771745
528 0.054298804748680506
529 0.054299783351522114
530 0.05430074014260114
531 0.05430167560726313
532 0.05430259022008182
533 0.05430348444509828
534 0.05430435873605341
535 0.0543052135366166
536 0.05430604928060612
537 0.05430686639220902
538 0.054307665286192776
539 0.05430844636811496
540 0.054309210034525754
541 0.054309956673167105
542 0.05431068666316863
543 0.0543114003752382
544 0.05431209817184739
545 0.05431278040741406
546 0.05431344742848051
547 0.05431409957388898
548 0.05431473717495151
549 0.05431536055561534
550 0.054315970032628745
551 0.05431656591569849
552 0.05431714850764564
553 0.054317718104560354
554 0.05431827499594837
555 0.05431881946487868
556 0.05431935178812572
557 0.054319872236309005
558 0.05432038107402934
559 0.054320878560002166
560 0.05432136494718907
561 0.054321840482923704
562 0.05432230540903817
563 0.05432275996198474
564 0.054323204372954584
565 0.054323638867994684
566 0.05432406366812232
567 0.05432447898943711
568 0.054324885043228764
569 0.05432528203608543
570 0.054325670169996475
571 0.05432604964245588
572 0.05432642064656168
573 0.05432678337111383
574 0.054327138000708236
575 0.05432748471583228
576 0.05432782369295489
577 0.054328155104615354
578 0.05432847911951066
579 0.054328795902583306
580 0.054329105615101174
581 0.05432940841474109
582 0.054329704455668405
583 0.054329993888615556
584 0.05433027686095669
585 0.054330553516784
586 0.05433082399698006
587 0.05433108843928895
588 0.05433134697838645
589 0.054331599745948214
590 0.054331846870715836
591 0.05433208847856325
592 0.05433232469255886
593 0.05433255563303009
594 0.0543327814176217
595 0.054333002161358716
596 0.05433321797670157
597 0.05433342897360482
598 0.05433363525957309
599 0.05433383693971387
600 0.054334034116793446
601 0.054334226891286606
602 0.054334415361428925
603 0.05433459962326646
604 0.054334779770704354
605 0.054334955895553615
606 0.054335128087579364
607 0.05433529643454552
608 0.05433546102225878
609 0.0543356219346132
610 0.0543357792536325
611 0.05433593305951127
612 0.05433608343065621
613 0.054336230443725465
614 0.05433637417366809
615 0.05433651469376158
616 0.05433665207564928
617 0.054336786389377376
618 0.054336917703429466
619 0.05433704608476133
620 0.05433717159883641
621 0.05433729430965797
622 0.054337414279801086
623 0.05433753157044596
624 0.05433764624140748
625 0.05433775835116654
626 0.05433786795689966
627 0.054337975114507844
628 0.05433807987864466
629 0.05433818230274534
630 0.05433828243905208
631 0.05433838033864226
632 0.05433847605145309
633 0.054338569626308966
634 0.05433866111094338
635 0.05433875055202598
636 0.05433883799518369
637 0.05433892348502722
638 0.0543390070651706
639 0.05433908877825536
640 0.0543391686659706
641 0.05433924676907599
642 0.05433932312742163
643 0.054339397779967914
644 0.05433947076480587
645 0.05433954211917656
646 0.05433961187949028
647 0.054339680081343725
648 0.054339746759540314
649 0.0543398119481058
650 0.05433987568030713
651 0.054339937988668235
652 0.05433999890498789
653 0.05434005846035423
654 0.05434011668516175
655 0.05434017360912713
656 0.05434022926130243
657 0.05434028367009269
658 0.05434033686326806
659 0.05434038886797822
660 0.0543404397107682
661 0.05434048941758949
662 0.05434053801381439
663 0.054340585524249044
664 0.05434063197314577
665 0.05434067738421446
666 0.05434072178063744
667 0.05434076518507798
668 0.05434080761969402
669 0.05434084910614835
670 0.05434088966562108
671 0.05434092931881829
672 0.054340968085984605
673 0.05434100598691188
674 0.05434104304095076
675 0.054341079267018776
676 0.05434111468361239
677 0.05434114930881398
678 0.0543411831603029
679 0.05434121625536318
680 0.05434124861089309
681 0.05434128024341387
682 0.05434131116907728
683 0.05434134140367447
684 0.05434137096264423
685 0.054341399861080567
686 0.054341428113739876
687 0.05434145573505022
688 0.05434148273911618
689 0.05434150913972751
690 0.05434153495036668
691 0.054341560184214675
692 0.05434158485415799
693 0.05434160897279537
694 0.054341632552443876
695 0.05434165560514642
696 0.05434167814267563
697 0.05434170017654265
698 0.05434172171800034
699 0.05434174277805104
700 0.05434176336745035
701 0.054341783496714154
702 0.05434180317612389
703 0.05434182241573102
704 0.05434184122536245
705 0.054341859614624795
706 0.054341877592911626
707 0.05434189516940577
708 0.05434191235308509
709 0.0543419291527266
710 0.054341945576911826
711 0.05434196163403036
712 0.05434197733228403
713 0.0543419926796918
714 0.05434200768409356
715 0.054342022353153836
716 0.05434203669436599
717 0.05434205071505589
718 0.054342064422386586
719 0.05434207782335977
720 0.05434209092482158
721 0.05434210373346458
722 0.05434211625583294
723 0.0543421284983234
724 0.054342140467190055
725 0.054342152168548
726 0.054342163608375085
727 0.05434217479251532
728 0.05434218572668362
729 0.05434219641646515
730 0.05434220686732164
731 0.05434221708459245
732 0.054342227073497666
733 0.05434223683914072
734 0.05434224638651075
735 0.0543422557204863
736 0.054342264845835986
737 0.054342273767222095
738 0.054342282489203225
739 0.054342291016235424
740 0.05434229935267543
741 0.05434230750278292
742 0.05434231547072207
743 0.05434232326056438
744 0.054342330876289806
745 0.054342338321789724
746 0.054342345600868217
747 0.05434235271724514
748 0.05434235967455663
749 0.05434236647635722
750 0.05434237312612327
751 0.05434237962725247
752 0.05434238598306667
753 0.0543423921968132
754 0.05434239827166773
755 0.05434240421073452
756 0.054342410017048
757 0.05434241569357561
758 0.05434242124321802
759 0.05434242666881086
760 0.05434243197312699
761 0.054342437158876725
762 0.05434244222871038
763 0.054342447185218766
764 0.054342452030934234
765 0.05434245676833335
766 0.05434246139983754
767 0.054342465927812986
768 0.054342470354573714
769 0.05434247468238285
770 0.05434247891345077
771 0.05434248304994059
772 0.054342487093965997
773 0.05434249104759386
774 0.05434249491284438
775 0.05434249869169294
776 0.054342502386071294
777 0.05434250599786668
778 0.05434250952892569
779 0.05434251298105228
780 0.05434251635601124
781 0.054342519655527145
782 0.05434252288128632
783 0.054342526034937236
784 0.05434252911809194
785 0.05434253213232583
786 0.054342535079179924
787 0.0543425379601601
788 0.05434254077673868
789 0.05434254353035521
790 0.05434254622241697
791 0.054342548854299844
792 0.05434255142734929
793 0.05434255394287994
794 0.05434255640217804
795 0.054342558806499956
796 0.05434256115707508
797 0.054342563455104596
798 0.05434256570176273
799 0.05434256789819816
800 0.05434257004553325
801 0.05434257214486593
802 0.054342574197268866
803 0.05434257620379117
804 0.05434257816545824
805 0.05434258008327317
806 0.054342581958215626
807 0.054342583791244306
808 0.05434258558329629
809 0.05434258733528719
810 0.05434258904811246
811 0.05434259072264802
812 0.05434259235974936
813 0.05434259396025331
814 0.05434259552497827
815 0.05434259705472389
816 0.05434259855027211
817 0.0543426000123873
818 0.054342601441816865
819 0.054342602839291494
820 0.054342604205525454
821 0.05434260554121668
822 0.05434260684704873
823 0.05434260812368821
824 0.05434260937178826
825 0.05434261059198684
826 0.05434261178490717
827 0.05434261295115968
828 0.05434261409134024
829 0.05434261520603145
830 0.05434261629580361
831 0.0543426173612131
832 0.05434261840280505
833 0.054342619421112175
834 0.054342620416654455
835 0.05434262138994086
836 0.05434262234146861
837 0.05434262327172444
838 0.05434262418118413
839 0.05434262507031224
840 0.0543426259395634
841 0.05434262678938176
842 0.05434262762020196
843 0.05434262843244846
844 0.05434262922653682
845 0.054342630002872594
846 0.054342630761852855
847 0.05434263150386561
848 0.05434263222928994
849 0.05434263293849731
850 0.05434263363184932
851 0.05434263430970095
852 0.054342634972398725
853 0.05434263562028086
854 0.05434263625367948
855 0.054342636872917495
856 0.054342637478312014
857 0.05434263807017214
858 0.05434263864880091
859 0.054342639214493914
860 0.0543426397675402
861 0.05434264030822264
862 0.05434264083681754
863 0.05434264135359503
864 0.05434264185881958
865 0.05434264235274891
866 0.05434264283563631
867 0.054342643307728
868 0.054342643769265626
869 0.05434264422048497
870 0.054342644661616854
871 0.054342645092886555
872 0.05434264551451483
873 0.05434264592671693
874 0.05434264632970386
875 0.05434264672368167
876 0.05434264710885159
877 0.05434264748541036
878 0.05434264785355065
879 0.05434264821346094
880 0.05434264856532458
881 0.054342648909321764
882 0.054342649245628746
883 0.054342649574417166
884 0.054342649895855154
885 0.05434265021010645
886 0.05434265051733266
887 0.05434265081769017
888 0.054342651111332754
889 0.05434265139841056
890 0.054342651679070195
891 0.05434265195345534
892 0.054342652221706166
893 0.05434265248395953
894 0.05434265274035024
895 0.05434265299100892
896 0.054342653236063646
897 0.05434265347563996
898 0.0543426537098604
899 0.05434265393884424
900 0.054342654162708774
901 0.05434265438156849
902 0.054342654595534994
903 0.054342654804718074
904 0.05434265500922474
905 0.05434265520915878
906 0.054342655404623394
907 0.05434265559571825
908 0.0543426557825408
909 0.05434265596518624
910 0.05434265614374829
911 0.05434265631831835
912 0.05434265648898588
913 0.054342656655837644
914 0.054342656818959334
915 0.0543426569784339
916 0.05434265713434359
917 0.054342657286767515
918 0.05434265743578325
919 0.054342657581467814
920 0.05434265772389532
921 0.0543426578631383
922 0.05434265799926859
923 0.054342658132355504
924 0.05434265826246668
925 0.05434265838966934
926 0.05434265851402789
927 0.05434265863560642
928 0.05434265875446639
929 0.054342658870669115
930 0.05434265898427435
931 0.054342659095339495
932 0.05434265920392189
933 0.05434265931007604
934 0.05434265941385731
935 0.05434265951531828
936 0.05434265961451109
937 0.05434265971148607
938 0.05434265980629292
939 0.05434265989898036
940 0.05434265998959537
941 0.05434266007818456
942 0.05434266016479341
943 0.05434266024946591
944 0.054342660332244996
945 0.05434266041317344
946 0.05434266049229298
947 0.054342660569642966
948 0.054342660645263975
949 0.05434266071919442
950 0.05434266079147234
951 0.05434266086213407
952 0.05434266093121619
953 0.05434266099875362
954 0.054342661064781195
955 0.054342661129332476
956 0.054342661192440835
957 0.05434266125413814
958 0.05434266131445601
959 0.05434266137342533
960 0.0543426614310765
961 0.05434266148743861
962 0.054342661542540374
963 0.05434266159641055
964 0.05434266164907607
965 0.054342661700563996
966 0.05434266175090136
967 0.05434266180011255
968 0.0543426618482242
969 0.054342661895259804
970 0.05434266194124409
971 0.05434266198620009
972 0.05434266203015103
973 0.05434266207311977
974 0.05434266211512737
975 0.05434266215619576
976 0.05434266219634614
977 0.054342662235598756
978 0.054342662273973774
979 0.05434266231149105
980 0.05434266234816935
981 0.0543426623840279
982 0.05434266241908445
983 0.05434266245335754
984 0.05434266248686425
985 0.0543426625196216
986 0.054342662551646985
987 0.05434266258295609
988 0.05434266261356535
989 0.0543426626434905
990 0.05434266267274619
991 0.05434266270134785
992 0.05434266272931014
993 0.05434266275664728
994 0.054342662783373234
995 0.05434266280950164
996 0.054342662835045887
997 0.054342662860019125
998 0.05434266288443376
999 0.05434266290830277
1000 0.05434266293163817
