1 2.6591390669460435
2 2.6141336620544893
3 2.565072492913021
4 2.5345164406579332
5 2.5143698223384603
6 2.5006286417890693
7 2.491065517587823
8 2.4843442116164787
9 2.479619389462285
10 2.476334801593086
11 2.4741131192725625
12 2.4726921278620106
13 2.4718860181989215
14 2.4715609973439245
15 2.4716194229596544
16 2.471989198355823
17 2.4726165198015533
18 2.473460821644111
19 2.47449119871353
20 2.4756838429993393
21 2.47702018897032
22 2.478485560937768
23 2.4800681799581397
24 2.4817584303654177
25 2.4835483150030324
26 2.4854310483368898
27 2.4874007508119
28 2.4894522179338305
29 2.4915807448408325
30 2.493781992398139
31 2.4960518846723794
32 2.498386530416671
33 2.500782163208204
34 2.5032350963309122
35 2.505741689536273
36 2.5082983255543323
37 2.5085915065957267
38 2.5067582006092013
39 2.504997547482602
40 2.503308400645361
41 2.501689581505651
42 2.5001398689641765
43 2.4986579913731024
44 2.497242620933741
45 2.4958923704613154
46 2.4946057923892146
47 2.493381379838442
48 2.4922175695405064
49 2.491112746373881
50 2.4900652492553648
51 2.4890733781179932
52 2.488135401706111
53 2.4872495659250466
54 2.4864141024966058
55 2.485627237691103
56 2.484887200930619
57 2.4841922330852615
58 2.4835405943130566
59 2.482930571323569
60 2.482360483974213
61 2.4818286911356613
62 2.4813335957879885
63 2.4808736493317065
64 2.4804473551173123
65 2.480053271213232
66 2.479690012445113
67 2.4793562517494068
68 2.4790507208913484
69 2.478772210602047
70 2.4785195701918035
71 2.4782917066973047
72 2.4780875836194056
73 2.4779062193060475
74 2.4777466850318834
75 2.477608102822581
76 2.477489643067838
77 2.4773905219630343
78 2.477309998815366
79 2.477247373246319
80 2.477201982318622
81 2.4771731976123568
82 2.4771604222718024
83 2.4771630880418356
84 2.477180652310346
85 2.4772125951710917
86 2.477258416519797
87 2.4773176331949185
88 2.4773897761735477
89 2.4774743878320944
90 2.477571019280934
91 2.477679227781857
92 2.4777985742570108
93 2.477928620897973
94 2.478068928883659
95 2.478219056215825
96 2.478378555681017
97 2.478546972947857
98 2.478723844808494
99 2.4789086975729226
100 2.4791010456245286
101 2.4793003901447532
102 2.4795062180140595
103 2.4797180008954554
104 2.4799351945056647
105 2.4801572380775907
106 2.480383554016051
107 2.480613547746816
108 2.4808466077568143
109 2.4810821058209926
110 2.481319397408756
111 2.481557822260225
112 2.481796705119767
113 2.4820353566114672
114 2.4822730742384196
115 2.4823016177526505
116 2.4820387382952593
117 2.4817639692471167
118 2.4814765986064575
119 2.48117592603801
120 2.4808612646873724
121 2.4805319428672004
122 2.480187305576595
123 2.47982671581585
124 2.479449555660196
125 2.4790552270584505
126 2.4786431523254984
127 2.478212774301288
128 2.4777635561535076
129 2.477294980806214
130 2.4768065499823875
131 2.476297782854555
132 2.4757682143041677
133 2.475217392797219
134 2.474644877890501
135 2.474050237389775
136 2.4734330441878396
137 2.4727928728168584
138 2.4721292957552223
139 2.471441879534506
140 2.470730180696644
141 2.469993741655168
142 2.469232086517117
143 2.468444716924028
144 2.4676311079711675
145 2.4667907042638824
146 2.4659229161686627
147 2.4650271163142707
148 2.4641026363951677
149 2.4631487643255836
150 2.462164741788069
151 2.4611497622153142
152 2.4601029692386605
153 2.4590234556311446
154 2.457910262767269
155 2.456762380616133
156 2.455578748279205
157 2.4543582550789433
158 2.4530997421998015
159 2.4518020048788767
160 2.450463795139676
161 2.4490838250591276
162 2.4476607705550326
163 2.4461932756786613
164 2.4446799573949893
165 2.443119410831151
166 2.4415102149719474
167 2.4398509387795952
168 2.438140147713282
169 2.4363764106224286
170 2.4345583069857257
171 2.432684434466078
172 2.4307534167493805
173 2.4287639116326423
174 2.4267146193243314
175 2.424604290916948
176 2.4224317369887918
177 2.4201958362887144
178 2.4178955444544203
179 2.415529902711655
180 2.413098046498543
181 2.4105992139564174
182 2.4080327542259434
183 2.405398135485173
184 2.4026949526645565
185 2.3999229347729445
186 2.3970819517683304
187 2.3941720209076127
188 2.3911933125109983
189 2.3881461550789638
190 2.385031039702856
191 2.381848623714321
192 2.3785997335237834
193 2.375285366604044
194 2.371906692581761
195 2.3684650534069505
196 2.3649619625786613
197 2.361399103413454
198 2.3577783263521934
199 2.354101645309755
200 2.3503712330813835
201 2.3465894158285816
202 2.342758666676258
203 2.338881598461413
204 2.3349609556816837
205 2.33099960569951
206 2.327000529264421
207 2.322966810421869
208 2.3189016258821087
209 2.3148082339267697
210 2.310689962933942
211 2.3065501996048203
212 2.302392376976201
213 2.29821996230341
214 2.2940364448976127
215 2.289845323999966
216 2.285650096772733
217 2.2814542464844343
218 2.2772612309623272
219 2.273074471381183
220 2.268897341452433
221 2.264733157072461
222 2.2605851664831387
223 2.2564565409917874
224 2.2523503662916
225 2.2482696344173316
226 2.244217236364769
227 2.2401959553962634
228 2.236208461048413
229 2.2322573038519984
230 2.2283449107684534
231 2.2244735813416017
232 2.2206454845581214
233 2.2168626564052736
234 2.21312699810985
235 2.209440275038097
236 2.205804116232606
237 2.2022200145587534
238 2.19868932743036
239 2.1952132780816855
240 2.1917929573508026
241 2.188429325937696
242 2.1851232170991866
243 2.1818753397418833
244 2.1786862818738895
245 2.1755565143758546
246 2.1724863950521334
247 2.169476172923368
248 2.1665259927225535
249 2.163635899557731
250 2.1608058437057096
251 2.158035685502689
252 2.155325200299325
253 2.152674083449523
254 2.1500819553041812
255 2.147548366183068
256 2.1450728013000697
257 2.1426546856191346
258 2.1402933886203224
259 2.13798822895747
260 2.135738478991062
261 2.133543369181892
262 2.1314020923331007
263 2.129313807670058
264 2.127277644749389
265 2.125292707190172
266 2.123358076221976
267 2.121472814045932
268 2.119635967006486
269 2.1178465685727774
270 2.1161036421298176
271 2.114406203580751
272 2.112753263762474
273 2.111143830677778
274 2.1095769115479914
275 2.1080515146907763
276 2.106566651228331
277 2.1051213366317807
278 2.1037145921079423
279 2.102345445835009
280 2.101012934053971
281 2.099716102022784
282 2.0984540048404545
283 2.097225708148276
284 2.0960302887154882
285 2.0948668349166177
286 2.093734447107694
287 2.092632237908429
288 2.0915593323973387
289 2.0905148682265975
290 2.0894979956632502
291 2.0885078775631873
292 2.0875436892840686
293 2.0866046185431415
294 2.085689865225628
295 2.084798641149124
296 2.0839301697891526
297 2.083083685970751
298 2.0822584355307017
299 2.0814536749547137
300 2.080668670993605
301 2.079902700262246
302 2.079155048824748
303 2.078425011769114
304 2.077711892774297
305 2.0770150036723614
306 2.0763336640081644
307 2.0756672005987555
308 2.075014947094422
309 2.074376243543106
310 2.0737504359596595
311 2.0731368759012168
312 2.0725349200497405
313 2.071943929802597
314 2.0713632708718355
315 2.0707923128926593
316 2.0702304290413998
317 2.069676995663159
318 2.069131391909106
319 2.0685929993833008
320 2.06806120179875
321 2.0675353846423055
322 2.0670149348478755
323 2.066499240477326
324 2.065987690408341
325 2.065479674028434
326 2.0649745809341993
327 2.0644718006348515
328 2.063970722259002
329 2.063470734263589
330 2.062971224143828
331 2.062471578142983
332 2.061971180960762
333 2.0614694154590807
334 2.0609656623639316
335 2.060459299962084
336 2.0599497037913075
337 2.0594362463228375
338 2.058918296634775
339 2.058395220075125
340 2.0578663779131805
341 2.0573311269779744
342 2.0567888192825197
343 2.056238801632584
344 2.0556804152187405
345 2.055112995190467
346 2.0545358702110676
347 2.0539483619921954
348 2.053349784806789
349 2.0527394449792142
350 2.052116640351418
351 2.051480659723916
352 2.050830782270411
353 2.0501662769248408
354 2.049486401739645
355 2.048790403214027
356 2.04807751559094
357 2.0473469601215353
358 2.0465979442957325
359 2.045829661037571
360 2.0450412878639113
361 2.0442319860050406
362 2.0434008994856376
363 2.042547154164504
364 2.041669856731388
365 2.0407680936591417
366 2.039840930109371
367 2.038887408789629
368 2.0379065487601347
369 2.0368973441878664
370 2.035858763045806
371 2.0347897457549906
372 2.033689203766941
373 2.03255601808394
374 2.0313890377145514
375 2.0301870780616973
376 2.0289489192405745
377 2.0276733043236406
378 2.0263589375099302
379 2.025004482215996
380 2.0236085590858726
381 2.0221697439176354
382 2.020686565504364
383 2.019157503387686
384 2.017580985522541
385 2.015955385852458
386 2.014279021795434
387 2.012550151641591
388 2.01076697186509
389 2.008927614354485
390 2.007030143567785
391 2.0050725536210927
392 2.003052765322895
393 2.0009686231700496
394 1.9988178923263387
395 1.9965982556104094
396 1.9943073105271585
397 1.99194256638544
398 1.9895014415557248
399 1.9869812609343724
400 1.9843792536970168
401 1.9816925514427501
402 1.9789181868540158
403 1.9760530930252158
404 1.9730941036469818
405 1.9700379542739872
406 1.966881284953545
407 1.9636206445515705
408 1.9599224576052807
409 1.955386497852078
410 1.9507057095024956
411 1.9458747057971446
412 1.940887953321429
413 1.9357397895033306
414 1.9304244467257579
415 1.9249360846282004
416 1.9192688324981466
417 1.9134168440336219
418 1.9073743671977565
419 1.9011358323844396
420 1.8946959626648379
421 1.8880499104716453
422 1.881193425669685
423 1.8741230605021093
424 1.8668364173004544
425 1.8593324449641593
426 1.8516117898434423
427 1.8436772055036115
428 1.8355340235071116
429 1.827190683302378
430 1.8186593129299051
431 1.809956342868925
432 1.801103122358047
433 1.7921264906703385
434 1.78305923559386
435 1.7739403495734891
436 1.7648149744148058
437 1.7557339144666855
438 1.746752604572661
439 1.7379294527255378
440 1.7293235461017955
441 1.7209918136105682
442 1.7129858660095645
443 1.7053488578601599
444 1.6981127938296734
445 1.6912966956009963
446 1.6849059352332791
447 1.6789328420035459
448 1.673358454611618
449 1.6681550889865133
450 1.6632892816741849
451 1.6587246717366906
452 1.6544244810226805
453 1.6503533979625349
454 1.6464788147728922
455 1.6427714779875688
456 1.6392056745711332
457 1.6357590948061118
458 1.6324125019218378
459 1.6291493116625195
460 1.625955154187993
461 1.62281746290922
462 1.6197251132117836
463 1.61666811900534
464 1.6136373857501334
465 1.6106245136481863
466 1.607621642660099
467 1.6046213307830535
468 1.6016164577743612
469 1.5986001476783775
470 1.5955657047794058
471 1.5925065587779805
472 1.5894162159899994
473 1.5862882141741388
474 1.583116079211546
475 1.5798932823167005
476 1.5766131967779766
477 1.5732690534384628
478 1.569853894256152
479 1.5663605233473619
480 1.5627814549335028
481 1.5591088575903382
482 1.5553344941485978
483 1.5514496565203526
484 1.5474450946299214
485 1.5433109385125638
486 1.5390366125087285
487 1.5346107403253233
488 1.5300210395565983
489 1.525254204053902
490 1.520295772303696
491 1.51512997971524
492 1.5097395924326389
493 1.5041057199718733
494 1.4982076036466074
495 1.4920223773969938
496 1.4855247972918262
497 1.4786869356679304
498 1.4714778356534612
499 1.4638631217766405
500 1.4558045626177671
501 1.4472595822197136
502 1.4381807185352675
503 1.4285150300197689
504 1.418203456267366
505 1.4071801463724096
506 1.3953717810031565
507 1.3826969332441816
508 1.3690655423386318
509 1.3543786181474193
510 1.3385283588064805
511 1.321398958132256
512 1.3028685131347388
513 1.28281262637256
514 1.2611105397173776
515 1.2376549274645152
516 1.2123667713810429
517 1.185216908106072
518 1.1562555897670639
519 1.1256501816188675
520 1.093728080450602
521 1.061016163546169
522 1.0282596343806159
523 0.9963952734411909
524 0.9664555349734295
525 0.9394021700507047
526 0.9159317339525542
527 0.8963333413453745
528 0.8804684486260027
529 0.8678762188873332
530 0.8579398986098382
531 0.8500360099976495
532 0.8436247097259553
533 0.8382821672147832
534 0.8336960788524179
535 0.8296453199601647
536 0.8259768634805178
537 0.8225858352914164
538 0.8194002642480236
539 0.8163701704914738
540 0.8134600547707671
541 0.8106438492717072
542 0.8079015736204003
543 0.8052171425047892
544 0.8025769392493578
545 0.7999688939102544
546 0.7973818914533958
547 0.7948053947260629
548 0.7922292064976678
549 0.7896433210754108
550 0.7870378333064402
551 0.7844028841673827
552 0.7817286296270815
553 0.7790052243821457
554 0.7762228152862112
555 0.7733715414005313
556 0.7704415389655418
557 0.7674229504801401
558 0.7643059376416915
559 0.761080698253042
560 0.7577374874136027
561 0.7542666434257357
562 0.7506586188946716
563 0.7469040174984563
564 0.7429936368652074
565 0.7389185179244988
566 0.7346700010012777
567 0.7302397887955021
568 0.7256200162389779
569 0.7208033270424501
570 0.7157829565410276
571 0.7105528202152782
572 0.7051076070108592
573 0.6994428763049582
574 0.693555157078629
575 0.6874420475581604
576 0.681102313295983
577 0.6745359813850356
578 0.6677444282547148
579 0.6607304582984184
580 0.6534983704502122
581 0.6460540097796975
582 0.6384048012272674
583 0.6305597627717738
584 0.6225294956206127
585 0.6143261494441145
586 0.6059633612406639
587 0.5974561671065861
588 0.5888208869767702
589 0.5800749832703158
590 0.5712368952836798
591 0.5623258520783974
592 0.5533616674635156
593 0.5443645214251933
594 0.5353547329607338
595 0.5263525296912728
596 0.5173778198260743
597 0.5084499720146194
598 0.49958760834811805
599 0.4908084152730836
600 0.48212897648440645
601 0.47356463101484764
602 0.46512935878214856
603 0.4568356948493539
604 0.44869467265427454
605 0.4407157955224519
606 0.43290703493910054
607 0.42527485335368204
608 0.41782424874839647
609 0.4105588178291136
610 0.40348083449258393
611 0.3965913401756955
612 0.389890242781801
613 0.3833764210812578
614 0.3770478317711358
615 0.37090161672506
616 0.364934208342435
617 0.3591414312939267
618 0.35351859933806223
619 0.3480606062374178
620 0.34276201012180935
621 0.33761711092376273
622 0.33262002074552194
623 0.32776472720688854
624 0.3230451499714424
625 0.3184551907587983
626 0.3139887772270739
627 0.3096399011576934
628 0.3054026513990459
629 0.3012712420312268
630 0.2972400362054703
631 0.2933035660928293
632 0.28945654935047677
633 0.28569390248339954
634 0.28201075144642185
635 0.2784024397981187
636 0.27486453468551153
637 0.2713928309074013
638 0.2679833532753375
639 0.2646323574649931
640 0.26133632952718877
641 0.2580919842071255
642 0.25489626220238926
643 0.25174632647491435
644 0.24863955771911406
645 0.2455735490775608
646 0.24254610018679304
647 0.2395552106286386
648 0.23659907285680787
649 0.23367606466404928
650 0.23078474125173631
651 0.2279238269611246
652 0.22509220672348842
653 0.22228891728474187
654 0.21951313825882482
655 0.2167641830629096
656 0.21404148978629225
657 0.2113446120435245
658 0.20867320986086743
659 0.2060270406434266
660 0.20340595026833555
661 0.2008098643470448
662 0.19823877969715983
663 0.1956927560613502
664 0.19317190810764254
665 0.19067639774196102
666 0.18820642676010088
667 0.18576222986251384
668 0.18334406805134187
669 0.18095222242516273
670 0.17858698838294834
671 0.17624867024482865
672 0.17393757629347614
673 0.17165401423631033
674 0.16939828708532165
675 0.16717068944815128
676 0.16497150422119697
677 0.16280099967293132
678 0.1606594269033602
679 0.15854701766361473
680 0.15646398251805607
681 0.1544105093299894
682 0.15238676205110152
683 0.15039287979405433
684 0.14842897616727202
685 0.14649513885081367
686 0.14459142939229758
687 0.14271788320217138
688 0.1408745097280683
689 0.1390612927886494
690 0.13727819104809463
691 0.13552513861326682
692 0.13380204573655038
693 0.13210879960836705
694 0.1304452652244358
695 0.12881128631393035
696 0.12720668631576798
697 0.12563126939135255
698 0.12408482146315358
699 0.1225671112695362
700 0.12107789142725478
701 0.11961689949397006
702 0.11818385902406368
703 0.1167784806118539
704 0.11540046291712945
705 0.11404949366865012
706 0.11272525064193786
707 0.111427402608317
708 0.11015561025272577
709 0.10890952705834103
710 0.10768880015652262
711 0.10649307114099664
712 0.1053219768455798
713 0.10417515008505542
714 0.1030522203591134
715 0.10195281451951375
716 0.10087655740083984
717 0.09982307241540424
718 0.09879198211301027
719 0.09778290870641816
720 0.09679547456345283
721 0.09582930266678841
722 0.0948840170425035
723 0.093959243158555
724 0.09305460829434427
725 0.0921697418825844
726 0.09130427582467578
727 0.09045784478080499
728 0.08963008643597628
729 0.08882064174316134
730 0.08802915514474562
731 0.08725527477341632
732 0.08649865263360709
733 0.08575894476459497
734 0.08503581138628788
735 0.08432891702873145
736 0.08363793064630272
737 0.08296252571753729
738 0.0823023803314819
739 0.0816571772614426
740 0.08102660402693984
741 0.08041035294466285
742 0.0798081211691607
743 0.07921961072398435
744 0.07864452852394373
745 0.07808258638912365
746 0.07753350105125423
747 0.07699699415300841
748 0.07647279224076549
749 0.07596062675133763
750 0.07546023399315364
751 0.07497135512233088
752 0.07449373611407437
753 0.07402712772978987
754 0.07357128548028874
755 0.07312596958543391
756 0.07269094493055551
757 0.07226598101994605
758 0.07185085192771791
759 0.07144533624629733
760 0.07104921703280632
761 0.07066228175356806
762 0.07028432222695254
763 0.06991513456477241
764 0.06955451911241586
765 0.0692022803878992
766 0.06885822702000172
767 0.06852217168563621
768 0.06819393104660328
769 0.06787332568585655
770 0.06756018004340832
771 0.06725432235198431
772 0.06695558457253839
773 0.06666380232972148
774 0.06637881484739729
775 0.06610046488428718
776 0.06582859866982277
777 0.06556306584027344
778 0.0653037193752183
779 0.06505041553441802
780 0.0648030137951422
781 0.06456137679000302
782 0.06432537024533912
783 0.06409486292018977
784 0.06386972654589915
785 0.06364983576638022
786 0.0634350680790726
787 0.06322530377661613
788 0.06302042588926847
789 0.06282032012808507
790 0.0626248748288791
791 0.062433980896982155
792 0.06224753175281046
793 0.062065423278257856
794 0.061887553763917816
795 0.06171382385714565
796 0.061544136510966775
797 0.061378396933834053
798 0.06121651254023718
799 0.06105839290216663
800 0.06090394970143275
801 0.060753096682836294
802 0.06060574960819367
803 0.06046182621120671
804 0.060321246153180845
805 0.060183930979578734
806 0.06004980407741308
807 0.059918790633462914
808 0.05979081759331342
809 0.059665813621208375
810 0.05954370906070871
811 0.05942443589614744
812 0.05930792771487216
813 0.05919411967026744
814 0.059082948445544896
815 0.05897435221829148
816 0.05886827062577008
817 0.058764644730952505
818 0.05866341698928419
819 0.05856453121616273
820 0.0584679325551231
821 0.05837356744671589
822 0.05828138359806815
823 0.05819132995311705
824 0.05810335666350106
825 0.05801741506010174
826 0.05793345762522125
827 0.057851437965385694
828 0.057771310784761436
829 0.05769303185917606
830 0.05761655801072872
831 0.05754184708298063
832 0.05746885791671466
833 0.0573975503262518
834 0.057327885076314235
835 0.057259823859423326
836 0.057193329273822556
837 0.05712836480191418
838 0.05706489478919695
839 0.05700288442369991
840 0.056942299715895234
841 0.05688310747908359
842 0.05682527531024255
843 0.05676877157132382
844 0.0567135653709962
845 0.05665962654681803
846 0.056606925647832165
847 0.05655543391757722
848 0.05650512327749868
849 0.056455966310758394
850 0.05640793624642923
851 0.05636100694406696
852 0.05631515287865016
853 0.05627034912588134
854 0.05622657134784172
855 0.05618379577898684
856 0.05614199921248024
857 0.056101158986853715
858 0.056061252972992436
859 0.056022259561426216
860 0.055984157649932045
861 0.05594692663143474
862 0.05591054638219538
863 0.05587499725028763
864 0.05584026004435224
865 0.05580631602261963
866 0.05577314688220016
867 0.055740734748632594
868 0.05570906216568266
869 0.055678112085391446
870 0.05564786785835998
871 0.055618313224271014
872 0.05558943230264028
873 0.055561209583788386
874 0.055533629920033585
875 0.055506678517095315
876 0.05548034092570571
877 0.05545460303342467
878 0.055429451056650814
879 0.055404871532826305
880 0.05538085131283133
881 0.05535737755355794
882 0.05533443771066676
883 0.05531201953151718
884 0.05529011104826887
885 0.05526870057114636
886 0.05524777668187045
887 0.05522732822724399
888 0.05520734431289573
889 0.055187814297171005
890 0.05516872778517121
891 0.05515007462293882
892 0.05513184489177771
893 0.05511402890271267
894 0.05509661719108335
895 0.055079600511264835
896 0.055062969831516054
897 0.05504671632895408
898 0.0550308313846453
899 0.05501530657881652
900 0.05500013368618067
901 0.05498530467137332
902 0.05497081168449984
903 0.05495664705678749
904 0.05494280329634344
905 0.054929273084011424
906 0.054916049269330754
907 0.05490312486658819
908 0.05489049305096752
909 0.054878147154787484
910 0.05486608066383291
911 0.054854287213769864
912 0.05484276058664768
913 0.05483149470748607
914 0.05482048364093921
915 0.05480972158804295
916 0.05479920288303693
917 0.054788921990263084
918 0.0547788735011379
919 0.054769052131196816
920 0.054759452717205316
921 0.05475007021434492
922 0.054740899693458994
923 0.05473193633836858
924 0.05472317544324791
925 0.054714612410066005
926 0.05470624274608558
927 0.05469806206142154
928 0.05469006606665807
929 0.054682250570521444
930 0.05467461147760744
931 0.05466714478616205
932 0.0546598465859153
933 0.054652713055965016
934 0.05464574046271225
935 0.054638925157841044
936 0.054632263576352064
937 0.054625752234635554
938 0.054619387728594766
939 0.05461316673181117
940 0.054607085993751255
941 0.054601142338019194
942 0.054595332660646353
943 0.05458965392842413
944 0.05458410317727348
945 0.05457867751065297
946 0.054573374098005806
947 0.054568190173240376
948 0.05456312303324893
949 0.054558170036458256
950 0.05455332860141684
951 0.054548596205412796
952 0.05454397038312432
953 0.05453944872530315
954 0.05453502887748684
955 0.054530708538741764
956 0.05452648546043585
957 0.054522357445038194
958 0.054518322344948696
959 0.05451437806135376
960 0.054510522543107516
961 0.05450675378564172
962 0.05450306982989767
963 0.05449946876128589
964 0.05449594870866773
965 0.054492507843362355
966 0.05448914437817457
967 0.05448585656644665
968 0.05448264270113285
969 0.054479501113892534
970 0.05447643017420731
971 0.05447342828851676
972 0.054470493899374174
973 0.05446762548462376
974 0.05446482155659263
975 0.05446208066130681
976 0.05445940137772126
977 0.05445678231696899
978 0.05445422212162711
979 0.05445171946500147
980 0.05444927305042539
981 0.05444688161057602
982 0.05444454390680535
983 0.05444225872848851
984 0.05444002489238402
985 0.05443784124201249
986 0.05443570664704579
987 0.05443362000271403
988 0.05443158022922212
989 0.054429586271183654
990 0.05442763709706488
991 0.05442573169864254
992 0.054423869090475155
993 0.05442204830938382
994 0.05442026841394668
995 0.05441852848400663
996 0.05441682762018651
997 0.05441516494341723
998 0.05441353959447865
999 0.054411950733547244
1000 0.05441039753975615
