1 2.146092196249352
2 1.9800878738572967
3 1.9258647172358503
4 1.8991702788500204
5 1.88312130817976
6 1.8727871145324677
7 1.8658206686437397
8 1.8608861752846044
9 1.8571622909433205
10 1.8541166981987551
11 1.8513896197345394
12 1.8487290047054719
13 1.8459523927811978
14 1.8429234693795595
15 1.8395371799996152
16 1.8357101156768614
17 1.8313743566657847
18 1.8264737735810932
19 1.8209622557850946
20 1.8148036131889613
21 1.8079730374865903
22 1.8004600147000223
23 1.792272419814733
24 1.7834411573651507
25 1.7740241583492729
26 1.7641079850148076
27 1.7538051467287523
28 1.7432459986581352
29 1.732565902898017
30 1.7218904707035676
31 1.711322889147452
32 1.700936679800554
33 1.6907750496446154
34 1.6808555795313234
35 1.6711776259405702
36 1.6617298572105976
37 1.6524962890523935
38 1.6434602640099703
39 1.6346065621170907
40 1.6259221481378152
41 1.6173960825945544
42 1.6090190110967963
43 1.6007825089803995
44 1.5926784452877325
45 1.5846984522992154
46 1.5768335380134604
47 1.5690738494108436
48 1.5614085762033478
49 1.5538259733727855
50 1.546313473918808
51 1.5388578600773586
52 1.5314454615183462
53 1.5240623522927732
54 1.5166945238717382
55 1.5093280185324514
56 1.5019490145427468
57 1.4945438611384103
58 1.487099066511694
59 1.4796012456032832
60 1.4720370363937296
61 1.4643929938364044
62 1.456655469907299
63 1.4488104868522258
64 1.440843608944839
65 1.432739816215539
66 1.4244833818735287
67 1.4160577536424142
68 1.4074454380164907
69 1.3986278855229697
70 1.3895853744151254
71 1.3802968897754544
72 1.3707399947228465
73 1.3608906902416094
74 1.35072326003745
75 1.340210096740052
76 1.3293215056881171
77 1.3180254824366544
78 1.306287460016583
79 1.2940700218664227
80 1.281332576276437
81 1.2680309881928626
82 1.2541171644145273
83 1.239538588718277
84 1.2242378044918658
85 1.2081518443677022
86 1.191211609646923
87 1.1733412077525582
88 1.154457264719592
89 1.1344682435726345
90 1.1132738209773023
91 1.090764407645002
92 1.0668209482320377
93 1.0413152118228213
94 1.0141108952100626
95 0.9850660213768127
96 0.9540373387732124
97 0.9208877213580982
98 0.8854979216623573
99 0.847784371077242
100 0.8077248679140007
101 0.7653935475211135
102 0.721004786787271
103 0.6749616936267001
104 0.6278978621711881
105 0.5806921205607943
106 0.5344299505048858
107 0.4902915804334319
108 0.44937372975538836
109 0.41249329263132223
110 0.38004852250362947
111 0.3519958416958025
112 0.3279423926389988
113 0.3072996456466488
114 0.28943077072117657
115 0.2737509349531431
116 0.2597744717650315
117 0.2471232918028131
118 0.23551472929424433
119 0.22474228518820594
120 0.21465662239301864
121 0.20514976102125831
122 0.19614302852033808
123 0.1875783099375261
124 0.17941186821955854
125 0.1716100441321144
126 0.16414628397249392
127 0.1569990878134142
128 0.1501505902539351
129 0.14358557464876828
130 0.1372907848785939
131 0.1312544422176194
132 0.1254659044009565
133 0.11991542393728787
134 0.11459397615953221
135 0.10949313659773054
136 0.104604993436674
137 0.09992208504769051
138 0.09543735549764998
139 0.09114412296196955
140 0.08703605738365235
141 0.08310716471520271
142 0.07935177578090846
143 0.07576453828892972
144 0.07234041086401544
145 0.06907465820251206
146 0.06596284659940084
147 0.06300083918219174
148 0.060184790223287495
149 0.057511137902730256
150 0.05497659486779049
151 0.052578135895902545
152 0.05031298192611401
153 0.048178579697704345
154 0.04617257624300873
155 0.04429278754881714
156 0.04253716085393676
157 0.04090373031659916
158 0.0393905661863331
159 0.03799571816028812
160 0.036717154281649886
161 0.03555269750489938
162 0.03449996282946596
163 0.03355629857447649
164 0.03271873579405371
165 0.03198394987778436
166 0.03134823794362009
167 0.03080751468200671
168 0.030357327919207217
169 0.029992893502624494
170 0.029709147411416476
171 0.02950081152236558
172 0.029362468434015177
173 0.029288640301325337
174 0.029273866774220104
175 0.029312777776526848
176 0.0294001578454698
177 0.029530999888638325
178 0.02970054733350831
179 0.029904324616332047
180 0.03013815670910409
181 0.03039817889284876
182 0.030680838268463347
183 0.03098288859180555
184 0.03130137997593276
185 0.031633644868032544
186 0.03197728152240073
187 0.03233013598535414
188 0.03269028340517131
189 0.03305600929380423
190 0.033425791204407085
191 0.033798281152320156
192 0.03417228899658825
193 0.034546766912172455
194 0.034920795016640534
195 0.03529356816597559
196 0.035664383898953586
197 0.03603263148542703
198 0.03639778201827827
199 0.036759379479682
200 0.037117032707963876
201 0.03747040819040239
202 0.037819223608765044
203 0.03816324206740078
204 0.03850226693773401
205 0.03883613725759588
206 0.03916472362864681
207 0.03948792456000973
208 0.03980566321095534
209 0.040117884489993844
210 0.04042455247195529
211 0.04072564809856503
212 0.04102116713160912
213 0.041311118331076736
214 0.041595521833622515
215 0.04187440770937966
216 0.04214781467755591
217 0.04241578896340154
218 0.042678383281058684
219 0.042935655928523705
220 0.043187669982479374
221 0.04343449258211223
222 0.04367619429224566
223 0.04391284853717777
224 0.044144531097585586
225 0.04437131966368066
226 0.0445932934385674
227 0.044810532786414996
228 0.04502311892063886
229 0.04523113362782238
230 0.04543465902356693
231 0.04563377733686961
232 0.04582857072000407
233 0.04601912108119641
234 0.04620550993768264
235 0.046387818286991685
236 0.0465661264945247
237 0.04674051419570966
238 0.04691106021118704
239 0.04707784247364944
240 0.04724093796509981
241 0.047400422663421274
242 0.04755637149726692
243 0.0477088583083849
244 0.047857955820577364
245 0.048003735614583515
246 0.04814626810824188
247 0.048285622541360436
248 0.04842186696477378
249 0.04855506823312788
250 0.048685292000973907
251 0.04881260272179586
252 0.04893706364963957
253 0.0490587368430353
254 0.04917768317094933
255 0.04929396232051522
256 0.04940763280632971
257 0.04951875198111116
258 0.04962737604755061
259 0.04973356007118967
260 0.04983735799418762
261 0.04993882264984618
262 0.050038005777778755
263 0.05013495803962141
264 0.05022972903519035
265 0.05032236731900594
266 0.0504129204171076
267 0.050501434844093154
268 0.05058795612032273
269 0.05067252878923711
270 0.05075519643473863
271 0.05083600169859417
272 0.050914986297826086
273 0.05099219104205276
274 0.05106765585075338
275 0.05114141977042735
276 0.05121352099162798
277 0.051283996865849564
278 0.05135288392225138
279 0.05142021788419878
280 0.051486033685613976
281 0.0515503654871232
282 0.051613246691985776
283 0.05167470996180457
284 0.05173478723200391
285 0.05179350972707571
286 0.051850907975581374
287 0.05190701182491317
288 0.051961850455809186
289 0.05201545239661774
290 0.05206784553731434
291 0.05211905714326676
292 0.052169113868750124
293 0.05221804177021196
294 0.052265866319288805
295 0.05231261241557272
296 0.052358304399132104
297 0.05240296606279122
298 0.052446620664160816
299 0.052489290937434444
300 0.05253099910494576
301 0.05257176688848954
302 0.052611615520414164
303 0.052650565754482175
304 0.052688637876508876
305 0.0527258517147762
306 0.05276222665022887
307 0.05279778162645737
308 0.052832535159465024
309 0.05286650534722972
310 0.052899709879062395
311 0.05293216604476088
312 0.052963890743568186
313 0.052994900492937466
314 0.053025211437105924
315 0.05305483935548127
316 0.05308379967084623
317 0.053112107457384414
318 0.053139777448525015
319 0.053166824044622946
320 0.05319326132046172
321 0.05321910303259602
322 0.05324436262652842
323 0.053269053243729686
324 0.05329318772849989
325 0.05331677863468129
326 0.053339838232216975
327 0.05336237851356661
328 0.05338441119997727
329 0.05340594774761516
330 0.05342699935355804
331 0.05344757696165695
332 0.05346769126826166
333 0.05348735272782204
334 0.05350657155836204
335 0.05352535774682858
336 0.053543721054323035
337 0.05356167102121366
338 0.05357921697213236
339 0.05359636802086003
340 0.053613133075100745
341 0.05362952084114709
342 0.05364553982844384
343 0.05366119835404515
344 0.053676504546971295
345 0.05369146635246879
346 0.05370609153617249
347 0.05372038768817447
348 0.05373436222700037
349 0.05374802240349537
350 0.05376137530462394
351 0.0537744278571804
352 0.05378718683141883
353 0.05379965884459813
354 0.053811850364447675
355 0.05382376771255568
356 0.053835417067679046
357 0.05384680446897772
358 0.053857935819177596
359 0.05386881688766142
360 0.05387945331348702
361 0.053889850608340936
362 0.05390001415942195
363 0.05390994923226057
364 0.05391966097347487
365 0.05392915441346203
366 0.05393843446903187
367 0.053947505945976484
368 0.05395637354158623
369 0.05396504184710453
370 0.05397351535012931
371 0.0539817984369595
372 0.0539898953948874
373 0.05399781041444071
374 0.054005547591572
375 0.054013110929799005
376 0.054020504342297625
377 0.05402773165394471
378 0.05403479660331741
379 0.05404170284464573
380 0.054048453949720125
381 0.05405505340975775
382 0.05406150463722328
383 0.05406781096761241
384 0.05407397566119276
385 0.054080001904702434
386 0.05408589281301726
387 0.05409165143077279
388 0.0540972807339538
389 0.05410278363144616
390 0.05410816296655483
391 0.054113421518484375
392 0.05411856200379077
393 0.054123587077796444
394 0.05412849933597238
395 0.054133301315294445
396 0.054137995495562814
397 0.0541425843006947
398 0.054147070099986885
399 0.05415145520935091
400 0.05415574189251778
401 0.05415993236221767
402 0.054164028781332134
403 0.05416803326401909
404 0.05417194787681441
405 0.05417577463970729
406 0.054179515527190435
407 0.054183172469289276
408 0.054186747352564506
409 0.0541902420210934
410 0.054193658277430154
411 0.05419699788354208
412 0.0542002625617268
413 0.05420345399550718
414 0.05420657383050544
415 0.05420962367530062
416 0.05421260510226343
417 0.05421551964837261
418 0.05421836881601497
419 0.05422115407376473
420 0.05422387685714675
421 0.054226538569382476
422 0.054229140582117606
423 0.05423168423613521
424 0.05423417084205183
425 0.05423660168099685
426 0.05423897800527914
427 0.05424130103903553
428 0.054243571978865916
429 0.054245791994455325
430 0.05424796222918
431 0.05425008380070018
432 0.054252157801540635
433 0.05425418529965641
434 0.054256167338987256
435 0.05425810493999811
436 0.054259999100209254
437 0.05426185079471187
438 0.05426366097667536
439 0.054265430577838905
440 0.05426716050899661
441 0.05426885166046789
442 0.05427050490255945
443 0.05427212108601551
444 0.054273701042458614
445 0.0542752455848209
446 0.05427675550776422
447 0.05427823158809185
448 0.054279674585151004
449 0.05428108524122524
450 0.05428246428191976
451 0.05428381241653555
452 0.05428513033843702
453 0.05428641872541132
454 0.05428767824001856
455 0.05428890952993417
456 0.05429011322828437
457 0.0542912899539738
458 0.054292440312004905
459 0.054293564893791536
460 0.0542946642774643
461 0.054295739028169206
462 0.05429678969836111
463 0.05429781682808787
464 0.054298820945269215
465 0.05429980256597105
466 0.05430076219467144
467 0.05430170032452076
468 0.05430261743759713
469 0.05430351400515502
470 0.054304390487869315
471 0.05430524733607249
472 0.054306084989987666
473 0.05430690387995508
474 0.054307704426656646
475 0.05430848704132991
476 0.05430925212598223
477 0.054310000073598715
478 0.05431073126834411
479 0.05431144608576121
480 0.054312144892964834
481 0.05431282804883093
482 0.05431349590418229
483 0.054314148801969726
484 0.054314787077447725
485 0.0543154110583489
486 0.05431602106505226
487 0.054316617410748745
488 0.05431720040160174
489 0.054317770336907205
490 0.05431832750924563
491 0.05431887220463378
492 0.05431940470267265
493 0.05431992527669123
494 0.05432043419388685
495 0.05432093171546402
496 0.05432141809676807
497 0.054321893587417305
498 0.054322358431431496
499 0.054322812867356914
500 0.05432325712839079
501 0.05432369144250063
502 0.05432411603254044
503 0.05432453111636792
504 0.05432493690695451
505 0.05432533361249669
506 0.05432572143652265
507 0.054326100577996
508 0.05432647123142009
509 0.05432683358693718
510 0.05432718783042571
511 0.054327534143597984
512 0.05432787270409128
513 0.05432820368556111
514 0.054328527257769765
515 0.054328843586673524
516 0.05432915283450943
517 0.054329455159876965
518 0.0543297507178203
519 0.054330039659909325
520 0.05433032213431571
521 0.05433059828589041
522 0.05433086825623724
523 0.05433113218378643
524 0.05433139020386638
525 0.05433164244877143
526 0.05433188904783243
527 0.054332130127480636
528 0.05433236581131424
529 0.05433259622016213
530 0.05433282147214477
531 0.054333041682736734
532 0.054333256964823946
533 0.05433346742876384
534 0.05433367318244024
535 0.054333874331320045
536 0.05433407097850717
537 0.054334263224795544
538 0.0543344511687204
539 0.05433463490660932
540 0.054334814532632635
541 0.05433499013884927
542 0.05433516181525748
543 0.05433532964983857
544 0.05433549372860262
545 0.05433565413563299
546 0.0543358109531299
547 0.054335964261452596
548 0.05433611413915871
549 0.054336260663047545
550 0.05433640390819787
551 0.05433654394800677
552 0.05433668085422635
553 0.05433681469700313
554 0.05433694554491161
555 0.05433707346499074
556 0.05433719852277804
557 0.054337320782342755
558 0.05433744030631972
559 0.054337557155940464
560 0.054337671391065843
561 0.05433778307021578
562 0.05433789225060011
563 0.05433799898814679
564 0.054338103337531744
565 0.05433820535220623
566 0.054338305084424894
567 0.05433840258527229
568 0.05433849790468896
569 0.05433859109149735
570 0.054338682193426066
571 0.05433877125713594
572 0.054338858328242
573 0.05433894345133906
574 0.05433902667002259
575 0.05433910802691224
576 0.054339187563673334
577 0.05433926532103883
578 0.05433934133882848
579 0.054339415655972674
580 0.0543394883105278
581 0.05433955933969945
582 0.05433962877986074
583 0.05433969666657006
584 0.05433976303458899
585 0.05433982791790184
586 0.05433989134973215
587 0.05433995336255887
588 0.05434001398813498
589 0.05434007325750205
590 0.05434013120100629
591 0.054340187848315985
592 0.0543402432284338
593 0.05434029736971447
594 0.054340350299877056
595 0.05434040204602093
596 0.054340452634638124
597 0.05434050209162873
598 0.054340550442312015
599 0.05434059771144096
600 0.05434064392321475
601 0.0543406891012908
602 0.05434073326879679
603 0.054340776448343626
604 0.05434081866203496
605 0.054340859931480114
606 0.054340900277805054
607 0.05434093972166311
608 0.05434097828324458
609 0.05434101598228903
610 0.054341052838093325
611 0.05434108886952265
612 0.05434112409502067
613 0.054341158532617465
614 0.05434119219993952
615 0.05434122511421966
616 0.054341257292304775
617 0.05434128875066448
618 0.0543413195054001
619 0.05434134957225255
620 0.05434137896661027
621 0.05434140770351777
622 0.05434143579768281
623 0.054341463263483714
624 0.054341490114977256
625 0.05434151636590598
626 0.05434154202970427
627 0.0543415671195073
628 0.05434159164815407
629 0.05434161562819804
630 0.05434163907191115
631 0.054341661991290986
632 0.05434168439806694
633 0.05434170630370506
634 0.05434172771941544
635 0.05434174865615755
636 0.0543417691246452
637 0.05434178913535259
638 0.05434180869851975
639 0.054341827824157425
640 0.054341846522052824
641 0.05434186480177352
642 0.05434188267267335
643 0.0543419001438971
644 0.05434191722438432
645 0.05434193392287503
646 0.05434195024791369
647 0.05434196620785379
648 0.054341981810861334
649 0.054341997064920135
650 0.0543420119778355
651 0.05434202655723767
652 0.05434204081058635
653 0.05434205474517396
654 0.05434206836813087
655 0.05434208168642686
656 0.05434209470687647
657 0.054342107436141034
658 0.05434211988073393
659 0.05434213204702203
660 0.0543421439412295
661 0.054342155569442364
662 0.05434216693760954
663 0.05434217805154801
664 0.05434218891694291
665 0.05434219953935314
666 0.05434220992421409
667 0.054342220076837845
668 0.05434223000241891
669 0.05434223970603506
670 0.05434224919265089
671 0.05434225846711988
672 0.05434226753418575
673 0.054342276398487994
674 0.054342285064561124
675 0.05434229353683864
676 0.05434230181965486
677 0.054342309917246784
678 0.054342317833756947
679 0.054342325573235616
680 0.05434233313964157
681 0.05434234053684569
682 0.0543423477686317
683 0.05434235483869957
684 0.05434236175066616
685 0.054342368508066716
686 0.05434237511435833
687 0.05434238157292047
688 0.054342387887056566
689 0.054342394059997016
690 0.054342400094898866
691 0.05434240599484998
692 0.05434241176286767
693 0.05434241740190316
694 0.054342422914840406
695 0.054342428304499674
696 0.054342433573637744
697 0.054342438724949815
698 0.05434244376107132
699 0.054342448684577924
700 0.05434245349798802
701 0.05434245820376374
702 0.054342462804312174
703 0.054342467301986566
704 0.054342471699087395
705 0.054342475997864216
706 0.05434248020051531
707 0.05434248430919052
708 0.05434248832599136
709 0.05434249225297233
710 0.05434249609214219
711 0.054342499845464735
712 0.05434250351485935
713 0.05434250710220274
714 0.05434251060933019
715 0.054342514038035514
716 0.054342517390072495
717 0.054342520667155655
718 0.05434252387096049
719 0.054342527003126175
720 0.05434253006525438
721 0.05434253305891211
722 0.0543425359856298
723 0.054342538846904764
724 0.05434254164419985
725 0.054342544378946055
726 0.0543425470525421
727 0.05434254966635543
728 0.054342552221722955
729 0.05434255471995151
730 0.054342557162319054
731 0.054342559550074235
732 0.05434256188443858
733 0.054342564166606065
734 0.05434256639774399
735 0.05434256857899322
736 0.05434257071146904
737 0.05434257279626272
738 0.054342574834439744
739 0.054342576827043444
740 0.05434257877509221
741 0.05434258067958299
742 0.05434258254148897
743 0.05434258436176319
744 0.05434258614133594
745 0.05434258788111779
746 0.0543425895819982
747 0.05434259124484703
748 0.05434259287051504
749 0.05434259445983343
750 0.05434259601361488
751 0.054342597532654156
752 0.05434259901772787
753 0.0543426004695961
754 0.05434260188900048
755 0.05434260327666779
756 0.05434260463330746
757 0.05434260595961305
758 0.054342607256262866
759 0.05434260852392043
760 0.054342609763233504
761 0.05434261097483615
762 0.054342612159347964
763 0.05434261331737472
764 0.05434261444950859
765 0.054342615556328404
766 0.054342616638400336
767 0.05434261769627779
768 0.054342618730501835
769 0.05434261974160115
770 0.054342620730093105
771 0.0543426216964829
772 0.05434262264126478
773 0.054342623564922365
774 0.05434262446792714
775 0.05434262535074155
776 0.0543426262138172
777 0.0543426270575946
778 0.054342627882505996
779 0.054342628688973174
780 0.054342629477408345
781 0.0543426302482148
782 0.05434263100178683
783 0.05434263173850949
784 0.0543426324587596
785 0.05434263316290579
786 0.054342633851307595
787 0.054342634524317576
788 0.054342635182279615
789 0.05434263582553006
790 0.0543426364543982
791 0.05434263706920538
792 0.05434263767026633
793 0.0543426382578881
794 0.054342638832371344
795 0.05434263939400952
796 0.05434263994309039
797 0.054342640479894254
798 0.054342641004695755
799 0.054342641517763586
800 0.054342642019359205
801 0.054342642509740094
802 0.054342642989156816
803 0.05434264345785378
804 0.05434264391607155
805 0.05434264436404386
806 0.054342644802000364
807 0.05434264523016468
808 0.05434264564875574
809 0.05434264605798791
810 0.05434264645806971
811 0.05434264684920665
812 0.054342647231597783
813 0.05434264760543932
814 0.05434264797092239
815 0.05434264832823393
816 0.05434264867755619
817 0.054342649019068254
818 0.05434264935294427
819 0.054342649679355065
820 0.05434264999846835
821 0.05434265031044617
822 0.0543426506154487
823 0.05434265091363211
824 0.0543426512051485
825 0.054342651490147
826 0.05434265176877311
827 0.054342652041169635
828 0.05434265230747596
829 0.05434265256782767
830 0.05434265282235848
831 0.054342653071198475
832 0.05434265331447479
833 0.05434265355231181
834 0.05434265378483093
835 0.05434265401215166
836 0.05434265423438958
837 0.05434265445165859
838 0.05434265466406979
839 0.054342654871732045
840 0.054342655074751174
841 0.05434265527323092
842 0.05434265546727323
843 0.05434265565697707
844 0.05434265584243956
845 0.05434265602375517
846 0.054342656201016686
847 0.05434265637431553
848 0.05434265654373927
849 0.054342656709375235
850 0.05434265687130748
851 0.054342657029619316
852 0.054342657184391525
853 0.05434265733570342
854 0.05434265748363219
855 0.05434265762825319
856 0.054342657769641096
857 0.054342657907867596
858 0.0543426580430038
859 0.054342658175118484
860 0.054342658304279284
861 0.05434265843055229
862 0.05434265855400219
863 0.05434265867469163
864 0.05434265879268275
865 0.05434265890803599
866 0.054342659020809855
867 0.05434265913106273
868 0.05434265923885035
869 0.054342659344228064
870 0.05434265944724952
871 0.05434265954796776
872 0.05434265964643408
873 0.05434265974269908
874 0.054342659836811656
875 0.054342659928819884
876 0.054342660018771125
877 0.0543426601067111
878 0.05434266019268515
879 0.054342660276736704
880 0.054342660358908966
881 0.054342660439244204
882 0.05434266051778319
883 0.05434266059456612
884 0.05434266066963228
885 0.05434266074302049
886 0.054342660814767664
887 0.05434266088491059
888 0.054342660953485375
889 0.05434266102052703
890 0.054342661086069714
891 0.054342661150147076
892 0.054342661212791736
893 0.05434266127403561
894 0.05434266133391052
895 0.05434266139244683
896 0.05434266144967379
897 0.05434266150562158
898 0.05434266156031867
899 0.05434266161379261
900 0.054342661666071
901 0.05434266171718059
902 0.05434266176714721
903 0.05434266181599707
904 0.054342661863754665
905 0.05434266191044458
906 0.05434266195609015
907 0.05434266200071596
908 0.054342662044343265
909 0.05434266208699544
910 0.0543426621286939
911 0.05434266216946005
912 0.05434266220931482
913 0.054342662248278675
914 0.054342662286371024
915 0.05434266232361186
916 0.054342662360020305
917 0.054342662395614645
918 0.05434266243041306
919 0.05434266246443359
920 0.05434266249769338
921 0.05434266253020912
922 0.05434266256199821
923 0.054342662593076935
924 0.05434266262346035
925 0.05434266265316443
926 0.05434266268220467
927 0.05434266271059564
928 0.05434266273835165
929 0.05434266276548721
930 0.054342662792016085
931 0.054342662817951685
932 0.05434266284330771
933 0.05434266286809654
934 0.05434266289233137
935 0.054342662916024104
936 0.05434266293918749
937 0.05434266296183281
938 0.05434266298397185
939 0.0543426630056158
940 0.05434266302677579
941 0.05434266304746296
942 0.054342663067687445
943 0.05434266308745962
944 0.05434266310678969
945 0.05434266312568794
946 0.05434266314416342
947 0.05434266316222585
948 0.05434266317988473
949 0.054342663197148346
950 0.054342663214026136
951 0.054342663230526604
952 0.05434266324665813
953 0.054342663262428946
954 0.05434266327784727
955 0.054342663292920965
956 0.054342663307657316
957 0.05434266332206487
958 0.05434266333614944
959 0.05434266334991948
960 0.05434266336338143
961 0.054342663376542616
962 0.054342663389409594
963 0.05434266340198886
964 0.054342663414286806
965 0.05434266342630992
966 0.054342663438064286
967 0.05434266344955558
968 0.054342663460789954
969 0.05434266347177318
970 0.054342663482511225
971 0.05434266349300867
972 0.05434266350327186
973 0.054342663513305495
974 0.05434266352311471
975 0.05434266353270478
976 0.05434266354208024
977 0.05434266355124632
978 0.05434266356020708
979 0.054342663568967754
980 0.05434266357753253
981 0.05434266358590579
982 0.05434266359409197
983 0.054342663602095054
984 0.0543426636099191
985 0.05434266361756811
986 0.05434266362504633
987 0.05434266363235734
988 0.05434266363950538
989 0.05434266364649298
990 0.05434266365332441
991 0.05434266366000306
992 0.05434266366653218
993 0.05434266367291593
994 0.05434266367915648
995 0.0543426636852575
996 0.05434266369122239
997 0.05434266369705371
998 0.05434266370275488
999 0.05434266370832831
1000 0.05434266371377727
