1 2.076910860964005
2 2.1082088948286586
3 2.1314075487434785
4 2.143356222923387
5 2.149616403576352
6 2.153240113195046
7 2.1556198385109346
8 2.157363287654135
9 2.1587357573936026
10 2.1598569675654478
11 2.160785063758604
12 2.161551935909244
13 2.162177997867838
14 2.162678372756809
15 2.1630654924653294
16 2.163350202432738
17 2.163542243766769
18 2.1636504762164583
19 2.1636829934342936
20 2.163647193485152
21 2.1635498306473475
22 2.1633970591652005
23 2.1631944732185193
24 2.1629471447367967
25 2.1626596596161076
26 2.1623361524788764
27 2.1619803399677266
28 2.1615955525241892
29 2.1611847646045463
30 2.1607506233007765
31 2.160295475353501
32 2.1598213925616294
33 2.1593301956087507
34 2.158823476338894
35 2.158302618524284
36 2.157768817175496
37 2.157223096450207
38 2.156666326220982
39 2.156099237365364
40 2.155522435843287
41 2.1549364156276214
42 2.1543415705536892
43 2.153738205152974
44 2.153126544535102
45 2.152506743380621
46 2.1518788941051663
47 2.151243034253451
48 2.1505991531791024
49 2.149947198063824
50 2.149287079326736
51 2.1486186754720062
52 2.1479418374201624
53 2.1472563923657457
54 2.1465621472012497
55 2.145858891544663
56 2.1451464004053493
57 2.144424436520506
58 2.1436927523920795
59 2.1429510920517223
60 2.1421991925792128
61 2.1414367853977287
62 2.140663597367444
63 2.1398793516970867
64 2.1390837686914623
65 2.1382765663513372
66 2.1374574608406527
67 2.136626166834678
68 2.1357823977614947
69 2.1349258659480297
70 2.1340562826808576
71 2.133173358190967
72 2.132276801570879
73 2.131366320631647
74 2.13044162170656
75 2.1295024094077033
76 2.12854838634092
77 2.12757925278415
78 2.1265947063336386
79 2.125594441522036
80 2.1245781494119864
81 2.1235455171684348
82 2.12249622761253
83 2.1214299587596757
84 2.1203463833440184
85 2.1192451683313713
86 2.118125974422361
87 2.11698845554736
88 2.115832258354567
89 2.1146570216924494
90 2.113462376087576
91 2.112247943218763
92 2.1110133353883223
93 2.1097581549911006
94 2.1084819939819357
95 2.1071844333420717
96 2.105865042545039
97 2.1045233790224835
98 2.1031589876304184
99 2.1017714001163825
100 2.1003601345880334
101 2.0989246949837543
102 2.097464570545932
103 2.095979235297678
104 2.094468147523891
105 2.0929307492577176
106 2.0913664657736595
107 2.089774705088803
108 2.0881548574738966
109 2.086506294976293
110 2.0848283709571174
111 2.0831204196453856
112 2.0813817557122345
113 2.0796116738688717
114 2.0778094484924194
115 2.0759743332843654
116 2.074105560967027
117 2.0722023430241103
118 2.0702638694922766
119 2.06828930881146
120 2.0662778077426798
121 2.0642284913631004
122 2.062140463149272
123 2.0600128051607256
124 2.0578445783374653
125 2.0556348229263888
126 2.0533825590532757
127 2.051086787458705
128 2.0487464904181527
129 2.046360632868475
130 2.0439281637651283
131 2.0414480176966787
132 2.038919116785498
133 2.0363403729059346
134 2.0337106902536988
135 2.0310289683026514
136 2.028294105187574
137 2.0255050015537432
138 2.0226605649161593
139 2.019759714572935
140 2.0168013871184676
141 2.0137845426024694
142 2.0107081713803776
143 2.0075713016989147
144 2.004373008057218
145 2.00111242037865
146 1.9977887340206253
147 1.994401220639069
148 1.9909492399098359
149 1.9874322520908805
150 1.9838498313856199
151 1.9802016800388527
152 1.9764876430613414
153 1.9727077234368944
154 1.9688620976161852
155 1.9649511310442842
156 1.9609753934041085
157 1.9569356731862926
158 1.9528329911186575
159 1.9486686119075587
160 1.9444440536620684
161 1.9401610942945535
162 1.9358217741233061
163 1.9314283938515995
164 1.9269835070711894
165 1.9224899064463288
166 1.9179506027870583
167 1.9133687963280237
168 1.9087478397007616
169 1.9040911923306207
170 1.8994023663082449
171 1.894684864179184
172 1.8899421095570765
173 1.8851773719823528
174 1.8803936879986878
175 1.8755937809754508
176 1.8707799827322755
177 1.865954160483761
178 1.8611176529790276
179 1.8562712199251508
180 1.8514150088229815
181 1.8465485431839035
182 1.8416707357215536
183 1.8367799295188567
184 1.8318739693635229
185 1.8269503044393016
186 1.822006122378381
187 1.8170385133514062
188 1.8120446614303474
189 1.8070220589466341
190 1.8019687380309497
191 1.796883512020097
192 1.791766218021533
193 1.786617950723391
194 1.7814412766280219
195 1.7762404173834585
196 1.7710213909079071
197 1.7657920996589562
198 1.760562356780082
199 1.7553438430082569
200 1.7501499901315487
201 1.7449957903489068
202 1.7398975349216756
203 1.7348724897476877
204 1.72993851959489
205 1.7251136763266384
206 1.7204157691668414
207 1.7158619365805265
208 1.711468239481399
209 1.7072492941630482
210 1.7032179606850075
211 1.699385098680445
212 1.6957593980597605
213 1.6923472873024157
214 1.6891529174046436
215 1.6861782154794667
216 1.6834229987875826
217 1.6808851377892493
218 1.6785607556950635
219 1.6764444518879729
220 1.6745295373319975
221 1.6728082714629238
222 1.671272091841419
223 1.669911829819166
224 1.6687179074354714
225 1.6676805125816192
226 1.6667897510474678
227 1.6660357753489292
228 1.665408891213245
229 1.6648996432868781
230 1.6644988820623603
231 1.6641978142393667
232 1.6639880387884904
233 1.6638615709182756
234 1.6638108559966645
235 1.6638287752799215
236 1.663908645080974
237 1.664044210783945
238 1.6642296368954523
239 1.6644594941241824
240 1.6647287443028196
241 1.6650327238121687
242 1.6653671260360987
243 1.6657279832662146
244 1.6661116483847926
245 1.6665147765810133
246 1.6669343072963672
247 1.667367446547921
248 1.667811649740729
249 1.6682646050511973
250 1.668724217440002
251 1.669188593334975
252 1.6696560260100177
253 1.670124981674808
254 1.6705940862810977
255 1.6710621130442453
256 1.6715279706728943
257 1.6719906922950756
258 1.6724494250652684
259 1.6729034204339241
260 1.6733520250585079
261 1.6737946723331751
262 1.6742308745126753
263 1.6746602154049308
264 1.675082343605922
265 1.6754969662499903
266 1.6759038432484163
267 1.6763027819891014
268 1.6766936324703912
269 1.6770762828424246
270 1.6774506553299708
271 1.6778167025113582
272 1.6781744039289184
273 1.6785237630072571
274 1.6788648042566245
275 1.6791975707397029
276 1.6795221217811818
277 1.6798385309006074
278 1.6801468839500848
279 1.6804472774395334
280 1.6807398170332926
281 1.6810246162029472
282 1.6813017950223055
283 1.6815714790914744
284 1.6818337985779497
285 1.6820888873635915
286 1.6823368822872273
287 1.6825779224734851
288 1.6828121487392385
289 1.6830397030698045
290 1.6832607281577254
291 1.6834753669976092
292 1.6836837625311263
293 1.6838860573367878
294 1.6840823933596751
295 1.6842729116767443
296 1.684457752293762
297 1.6846370539703464
298 1.6848109540699163
299 1.6849795884317178
300 1.6851430912623648
301 1.6853015950446215
302 1.6854552304613921
303 1.6856041263331067
304 1.6857484095668922
305 1.685888205116091
306 1.6860236359488627
307 1.6861548230247374
308 1.6862818852781218
309 1.6864049396078808
310 1.6865241008722092
311 1.6866394818881072
312 1.686751193434856
313 1.686859344260959
314 1.686964041094074
315 1.6870653886535312
316 1.687163489665068
317 1.6872584448774692
318 1.687350353080829
319 1.6874393111261912
320 1.6875254139463602
321 1.687608754577688
322 1.6876894241826803
323 1.687767512073277
324 1.6878431057346854
325 1.6879162908496539
326 1.6879871513230962
327 1.688055769306982
328 1.6881222252254233
329 1.6881865977998953
330 1.6882489640745346
331 1.6883093994414748
332 1.6883679776661693
333 1.6884247709126747
334 1.688479849768862
335 1.6885332832715212
336 1.6885851389313529
337 1.6886354827578067
338 1.688684379283768
339 1.6887318915900642
340 1.688778081329786
341 1.6888230087524072
342 1.6888667327276978
343 1.688909310769419
344 1.688950799058793
345 1.688991252467744
346 1.6890307245819016
347 1.6890692677233656
348 1.6891069329732251
349 1.6891437701938299
350 1.6891798280508126
351 1.6892151540348568
352 1.6892497944832119
353 1.68928379460095
354 1.6893171984819666
355 1.6893500491297215
356 1.689382388477722
357 1.6894142574097433
358 1.6894456957797928
359 1.6894767424318102
360 1.6895074352191093
361 1.6895378110235597
362 1.6895679057745066
363 1.689597754467435
364 1.6896273911823707
365 1.6896568491020265
366 1.6896861605296907
367 1.6897153569068555
368 1.6897444688305956
369 1.6897735260706888
370 1.6898025575864837
371 1.6898315915435158
372 1.6898606553298756
373 1.6898897755723212
374 1.6899189781521498
375 1.6899482882208194
376 1.6899777302153256
377 1.6900073278733379
378 1.690037104248092
379 1.6900670817230443
380 1.6900972820262878
381 1.6901277262447338
382 1.6901584348380556
383 1.6901894276524059
384 1.6902207239338995
385 1.690252342341872
386 1.6902843009619084
387 1.6903166173186503
388 1.6903493083883834
389 1.6903823906114022
390 1.6904158799041586
391 1.690449791671197
392 1.690484140816874
393 1.690518941756872
394 1.690554208429498
395 1.6905899543067844
396 1.6906261924053803
397 1.6906629352972442
398 1.690700195120139
399 1.6907379835879284
400 1.6907763120006802
401 1.6908151912545797
402 1.6908546318516506
403 1.690894643909293
404 1.6909352371696351
405 1.6909764210087026
406 1.6910182044454096
407 1.6910605961503733
408 1.6911036044545518
409 1.6911472373577119
410 1.6911915025367272
411 1.6912364073537065
412 1.6912819588639607
413 1.6913281638238045
414 1.6913750286981988
415 1.6914225596682368
416 1.691470762638473
417 1.691519643244099
418 1.6915692068579722
419 1.69161945859749
420 1.6916704033313243
421 1.6917220456860098
422 1.691774390052389
423 1.6918274405919216
424 1.6918812012428563
425 1.6919356757262656
426 1.6919908675519517
427 1.6920467800242194
428 1.6921034162475241
429 1.692160779131991
430 1.6922188713988129
431 1.692277695585526
432 1.6923372540511665
433 1.6923975489813095
434 1.6924585823929923
435 1.6925203561395268
436 1.692582871915199
437 1.6926461312598597
438 1.6927101355634087
439 1.6927748860701732
440 1.6928403838831831
441 1.6929066299683468
442 1.6929736251585252
443 1.6930413701575084
444 1.6931098655439003
445 1.693179111774904
446 1.6932491091900197
447 1.6933198580146505
448 1.6933913583636184
449 1.693463610244598
450 1.6935366135614582
451 1.6936103681175294
452 1.69368487361878
453 1.6937601296769194
454 1.693836135812419
455 1.693912891457459
456 1.6939903959587979
457 1.694068648580567
458 1.694147648506998
459 1.6942273948450741
460 1.6943078866271148
461 1.6943891228132915
462 1.6944711022940788
463 1.6945538238926392
464 1.6946372863671433
465 1.6947214884130297
466 1.6948064286652056
467 1.6948921057001807
468 1.694978518038152
469 1.6950656641450252
470 1.6951535424343822
471 1.6952421512693965
472 1.6953314889646889
473 1.6954215537881392
474 1.6955123439626405
475 1.6956038576678079
476 1.695696093041634
477 1.695789048182102
478 1.6958827211487493
479 1.695977109964185
480 1.6960722126155643
481 1.6961680270560209
482 1.6962645512060541
483 1.6963617829548763
484 1.6964597201617204
485 1.6965583606571053
486 1.6966577022440668
487 1.6967577426993472
488 1.6968584797745516
489 1.6969599111972644
490 1.697062034672135
491 1.6971648478819261
492 1.697268348488531
493 1.6973725341339572
494 1.697477402441278
495 1.6975829510155565
496 1.6976891774447338
497 1.6977960793004931
498 1.6979036541390913
499 1.6980118995021676
500 1.6981208129175178
501 1.698230391899851
502 1.6983406339515097
503 1.6984515365631774
504 1.698563097214549
505 1.6986753133749877
506 1.6987881825041524
507 1.6989017020526047
508 1.6990158694623936
509 1.6991306821676193
510 1.6992461375949754
511 1.6993622331642704
512 1.69947896628893
513 1.6995963343764824
514 1.6997143348290205
515 1.699832965043647
516 1.6999522224129082
517 1.7000721043251985
518 1.70019260816516
519 1.7003137313140597
520 1.7004354711501506
521 1.700557825049021
522 1.7006807903839254
523 1.7008043645261028
524 1.7009285448450804
525 1.701053328708964
526 1.701178713484715
527 1.7013046965384133
528 1.7014312752355096
529 1.7015584469410656
530 1.7016862090199794
531 1.7018145588372033
532 1.7019434937579494
533 1.7020730111478812
534 1.7022031083733014
535 1.7023337828013223
536 1.7024650318000327
537 1.70259685273865
538 1.7027292429876677
539 1.7028621999189915
540 1.702995720906066
541 1.7031298033239965
542 1.7032644445496592
543 1.7033996419618043
544 1.7035353929411552
545 1.7036716948704946
546 1.7038085451347478
547 1.703945941121057
548 1.704083880218851
549 1.704222359819907
550 1.7043613773184068
551 1.7045009301109857
552 1.704641015596779
553 1.7047816311774593
554 1.704922774257271
555 1.7050644422430594
556 1.705206632544292
557 1.7053493425730795
558 1.7054925697441885
559 1.7056363114750532
560 1.7057805651857783
561 1.7059253282991433
562 1.7060705982405981
563 1.7062163724382566
564 1.7063626483228893
565 1.7065094233279061
566 1.7066566948893431
567 1.7068044604458414
568 1.7069527174386236
569 1.7071014633114683
570 1.7072506955106816
571 1.707400411485067
572 1.7075506086858876
573 1.7077012845668338
574 1.7078524365839822
575 1.7080040621957548
576 1.7081561588628775
577 1.7083087240483315
578 1.7084617552173105
579 1.7086152498371672
580 1.708769205377366
581 1.708923619309429
582 1.7090784891068829
583 1.7092338122452018
584 1.7093895862017525
585 1.709545808455735
586 1.709702476488123
587 1.7098595877816043
588 1.7100171398205166
589 1.710175130090789
590 1.7103335560798731
591 1.7104924152766827
592 1.7106517051715253
593 1.7108114232560372
594 1.7109715670231167
595 1.7111321339668555
596 1.711293121582471
597 1.7114545273662367
598 1.711616348815414
599 1.7117785834281818
600 1.7119412287035656
601 1.712104282141368
602 1.7122677412420964
603 1.7124316035068938
604 1.7125958664374652
605 1.7127605275360072
606 1.7129255843051359
607 1.7130910342478138
608 1.7132568748672816
609 1.7134231036669803
610 1.7135897181504836
611 1.7137567158214244
612 1.7139240941834222
613 1.7140918507400114
614 1.7142599829945706
615 1.714428488450249
616 1.7145973646098946
617 1.7147666089759857
618 1.714936219050556
619 1.7151061923351254
620 1.7152765263306295
621 1.7154472185373484
622 1.7156182664548363
623 1.7157896675818511
624 1.7159614194162869
625 1.7161335194551017
626 1.7163059651942516
627 1.7164787541286186
628 1.716651883751946
629 1.7168253515567686
630 1.7169991550343455
631 1.7171732916745932
632 1.7173477589660198
633 1.717522554395658
634 1.7176976754489999
635 1.7178731196099322
636 1.71804888436067
637 1.7182249671816956
638 1.7184013655516925
639 1.7185780769474823
640 1.718755098843963
641 1.718932428714047
642 1.7191100640285992
643 1.7192880022563755
644 1.7194662408639625
645 1.719644777315719
646 1.7198236090737151
647 1.720002733597674
648 1.7201821483449133
649 1.7203618507702894
650 1.720541838326137
651 1.7207221084622162
652 1.7209026586256553
653 1.7210834862608937
654 1.7212645888096312
655 1.7214459637107702
656 1.7216276084003646
657 1.7218095203115669
658 1.7219916968745748
659 1.7221741355165794
660 1.7223568336617177
661 1.7225397887310179
662 1.722722998142352
663 1.7229064593103867
664 1.7230901696465355
665 1.7232741265589084
666 1.7234583274522686
667 1.7236427697279828
668 1.723827450783977
669 1.7240123680146906
670 1.724197518811033
671 1.7243829005603377
672 1.724568510646321
673 1.7247543464490394
674 1.7249404053448458
675 1.72512668470635
676 1.7253131819023775
677 1.7254998942979296
678 1.7256868192541444
679 1.7258739541282575
680 1.7260612962735653
681 1.7262488430393859
682 1.726436591771025
683 1.726624539809737
684 1.7268126844926925
685 1.727001023152943
686 1.727189553119385
687 1.7273782717167305
688 1.727567176265471
689 1.7277562640818478
690 1.7279455324778203
691 1.7281349787610358
692 1.7283246002347994
693 1.7285143941980448
694 1.7287043579453072
695 1.728894488766694
696 1.72908478394786
697 1.7292752407699792
698 1.72946585650972
699 1.729656628439222
700 1.7298475538260691
701 1.7300386299332695
702 1.7302298540192305
703 1.730421223337738
704 1.730612735137935
705 1.7308043866643024
706 1.730996175156637
707 1.7311880978500362
708 1.7313801519748768
709 1.7315723347567997
710 1.7317646434166916
711 1.7319570751706728
712 1.7321496272300774
713 1.7323422968014426
714 1.7325350810864952
715 1.7327279772821373
716 1.7329209825804366
717 1.7331140941686134
718 1.7333073092290325
719 1.7335006249391924
720 1.7336940384717179
721 1.7338875469943518
722 1.7340811476699483
723 1.7342748376564678
724 1.7344686141069714
725 1.7346624741696157
726 1.734856414987651
727 1.7350504336994186
728 1.7352445274383488
729 1.7354386933329604
730 1.7356329285068615
731 1.7358272300787496
732 1.7360215951624156
733 1.736216020866744
734 1.7364105042957216
735 1.7366050425484365
736 1.7367996327190884
737 1.736994271896994
738 1.7371889571665955
739 1.7373836856074691
740 1.7375784542943338
741 1.7377732602970644
742 1.7379681006807017
743 1.7381629725054664
744 1.7383578728267728
745 1.7385527986952436
746 1.7387477471567256
747 1.7389427152523091
748 1.7391377000183428
749 1.7393326984864554
750 1.739527707683576
751 1.7397227246319547
752 1.7399177463491857
753 1.7401127698482317
754 1.7403077921374484
755 1.74050281022061
756 1.740697821096938
757 1.7408928217611286
758 1.7410878092033828
759 1.7412827804094377
760 1.7414777323605983
761 1.7416726620337697
762 1.7418675664014946
763 1.7420624424319866
764 1.7422572870891688
765 1.7424520973327116
766 1.7426468701180724
767 1.7428416023965378
768 1.743036291115265
769 1.7432309332173257
770 1.7434255256417508
771 1.7436200653235778
772 1.7438145491938997
773 1.7440089741799094
774 1.7442033372049568
775 1.7443976351885968
776 1.7445918650466439
777 1.744786023691227
778 1.7449801080308451
779 1.7451741149704272
780 1.7453680414113901
781 1.7455618842516993
782 1.7457556403859313
783 1.745949306705339
784 1.7461428800979149
785 1.7463363574484592
786 1.7465297356386493
787 1.746723011547108
788 1.7469161820494756
789 1.7471092440184854
790 1.7473021943240357
791 1.747495029833268
792 1.7476877474106451
793 1.7478803439180304
794 1.7480728162147696
795 1.7482651611577746
796 1.7484573756016069
797 1.748649456398566
798 1.7488414003987758
799 1.7490332044502765
800 1.7492248653991154
801 1.74941638008944
802 1.7496077453635945
803 1.749798958062216
804 1.7499900150243326
805 1.750180913087466
806 1.7503716490877332
807 1.750562219859949
808 1.7507526222377359
809 1.7509428530536268
810 1.7511329091391796
811 1.7513227873250863
812 1.7515124844412877
813 1.751701997317087
814 1.7518913227812694
815 1.7520804576622189
816 1.7522693987880418
817 1.752458142986687
818 1.752646687086073
819 1.7528350279142142
820 1.753023162299348
821 1.7532110870700688
822 1.7533987990554567
823 1.753586295085215
824 1.7537735719898055
825 1.7539606266005872
826 1.754147455749956
827 1.7543340562714882
828 1.7545204250000848
829 1.7547065587721171
830 1.7548924544255753
831 1.755078108800219
832 1.7552635187377288
833 1.7554486810818624
834 1.7556335926786084
835 1.7558182503763462
836 1.756002651026006
837 1.756186791481231
838 1.75637066859854
839 1.7565542792374973
840 1.756737620260876
841 1.7569206885348325
842 1.7571034809290764
843 1.7572859943170447
844 1.757468225576079
845 1.7576501715876007
846 1.757831829237296
847 1.7580131954152924
848 1.7581942670163462
849 1.7583750409400263
850 1.758555514090904
851 1.75873568337874
852 1.7589155457186783
853 1.7590950980314386
854 1.7592743372435118
855 1.7594532602873572
856 1.759631864101602
857 1.759810145631241
858 1.7599881018278416
859 1.7601657296497464
860 1.7603430260622799
861 1.7605199880379585
862 1.7606966125566976
863 1.7608728966060259
864 1.7610488371812973
865 1.761224431285907
866 1.7613996759315083
867 1.76157456813823
868 1.761749104934898
869 1.7619232833592569
870 1.7620971004581925
871 1.7622705532879588
872 1.7624436389144023
873 1.7626163544131919
874 1.762788696870047
875 1.7629606633809702
876 1.7631322510524794
877 1.7633034570018402
878 1.7634742783573043
879 1.763644712258343
880 1.7638147558558877
881 1.7639844063125671
882 1.7641536608029513
883 1.7643225165137888
884 1.7644909706442526
885 1.7646590204061843
886 1.7648266630243385
887 1.7649938957366293
888 1.765160715794378
889 1.7653271204625602
890 1.7654931070200566
891 1.7656586727599026
892 1.7658238149895389
893 1.7659885310310641
894 1.7661528182214867
895 1.7663166739129792
896 1.7664800954731301
897 1.766643080285202
898 1.7668056257483826
899 1.7669677292780452
900 1.7671293883059997
901 1.7672906002807538
902 1.7674513626677664
903 1.7676116729497082
904 1.7677715286267166
905 1.7679309272166548
906 1.768089866255369
907 1.7682483432969467
908 1.7684063559139758
909 1.7685639016978008
910 1.7687209782587814
911 1.7688775832265504
912 1.769033714250272
913 1.7691893689988971
914 1.7693445451614231
915 1.769499240447147
916 1.769653452585924
917 1.7698071793284222
918 1.7699604184463782
919 1.7701131677328492
920 1.77026542500247
921 1.7704171880917023
922 1.770568454859089
923 1.7707192231855038
924 1.770869490974401
925 1.7710192561520657
926 1.7711685166678601
927 1.7713172704944704
928 1.7714655156281514
929 1.7716132500889723
930 1.7717604719210551
931 1.77190717919282
932 1.7720533699972214
933 1.7721990424519862
934 1.77234419469985
935 1.7724888249087911
936 1.7726329312722615
937 1.772776512009418
938 1.772919565365351
939 1.7730620896113076
940 1.773204083044919
941 1.7733455439904182
942 1.7734864707988622
943 1.7736268618483468
944 1.773766715544221
945 1.773906030319299
946 1.7740448046340687
947 1.7741830369768976
948 1.7743207258642366
949 1.7744578698408204
950 1.7745944674798646
951 1.774730517383259
952 1.7748660181817617
953 1.7750009685351844
954 1.7751353671325774
955 1.775269212692413
956 1.7754025039627614
957 1.7755352397214652
958 1.7756674187763124
959 1.7757990399652004
960 1.7759301021563025
961 1.7760606042482254
962 1.7761905451701663
963 1.7763199238820628
964 1.7764487393747441
965 1.7765769906700712
966 1.7767046768210788
967 1.7768317969121092
968 1.7769583500589454
969 1.7770843354089343
970 1.7772097521411137
971 1.7773345994663245
972 1.7774588766273296
973 1.7775825828989176
974 1.777705717588011
975 1.7778282800337621
976 1.7779502696076486
977 1.778071685713563
978 1.7781925277878992
979 1.7783127952996285
980 1.7784324877503768
981 1.7785516046744934
982 1.7786701456391163
983 1.77878811024423
984 1.7789054981227208
985 1.779022308940425
986 1.7791385423961728
987 1.7792541982218262
988 1.7793692761823117
989 1.779483776075647
990 1.779597697732965
991 1.7797110410185275
992 1.7798238058297375
993 1.7799359920971445
994 1.7800475997844423
995 1.7801586288884659
996 1.7802690794391773
997 1.7803789514996493
998 1.7804882451660426
999 1.7805969605675767
1000 1.7807050978664944
